-4.699999999999995293e-01,2.000000000000028422e-01,-3.299999999999985167e-01,-8.499999999999989786e-01,-5.599999999999987210e-01,-1.999999999999975131e-01,2.300000000000019806e-01,-1.000000000000000000e+00,2.200000000000037481e-01,6.400000000000014566e-01,5.500000000000040412e-01,-2.999999999999825029e-02,-1.399999999999965716e-01,-1.000000000000000000e+00,8.700000000000016609e-01,-1.599999999999974776e-01,-1.000000000000000000e+00,-1.000000000000000000e+00,4.300000000000021583e-01,-2.999999999999976019e-01,-2.899999999999958167e-01,1.800000000000028244e-01,-8.699999999999989964e-01,4.300000000000039346e-01,-9.999999999999742428e-02,5.200000000000049027e-01,-6.999999999999828582e-02,-1.000000000000000000e+00,1.600000000000028066e-01,-1.000000000000000000e+00,8.000000000000095923e-02,-1.599999999999957012e-01,1.900000000000010569e-01,4.600000000000030731e-01,5.700000000000022826e-01,-5.299999999999986944e-01,-1.000000000000000000e+00,-1.000000000000000000e+00,-1.000000000000000000e+00,4.000000000000181188e-02,9.000000000000185629e-02,-7.699999999999989075e-01,5.700000000000022826e-01,5.800000000000022915e-01,-1.000000000000000000e+00,-3.199999999999985079e-01,2.600000000000028955e-01,3.300000000000011813e-01,-5.599999999999987210e-01,7.800000000000015810e-01,7.200000000000033040e-01,-1.000000000000000000e+00,8.800000000000025580e-01,-5.099999999999986766e-01,-4.999999999999977796e-01,-7.899999999999989253e-01,6.800000000000041567e-01,-6.699999999999979305e-01,-1.000000000000000000e+00,-1.299999999999947864e-01,-8.599999999999980993e-01,-3.599999999999994316e-01,9.000000000000016875e-01,-4.999999999999977796e-01,-1.000000000000000000e+00,-4.199999999999994849e-01,6.300000000000023359e-01,4.700000000000030820e-01,-1.000000000000000000e+00,4.500000000000030642e-01,-6.599999999999996980e-01,6.000000000000094147e-02,-1.000000000000000000e+00,-1.000000000000000000e+00,-9.999999999999653610e-02,-5.499999999999987121e-01,1.700000000000045919e-01,-5.399999999999978151e-01,-8.199999999999971756e-01,7.000000000000015099e-01,3.800000000000030020e-01,-6.099999999999978773e-01,-1.000000000000000000e+00,-8.599999999999972111e-01
-4.699999999999995293e-01,-5.799999999999969624e-01,-3.299999999999985167e-01,-8.499999999999989786e-01,-5.599999999999987210e-01,-4.299999999999968292e-01,8.200000000000016165e-01,-3.399999999999985256e-01,4.440892098500626162e-15,-3.999999999999825917e-02,5.300000000000031353e-01,-1.000000000000000000e+00,-7.199999999999961986e-01,2.000000000000268230e-02,8.700000000000016609e-01,-1.000000000000000000e+00,-1.599999999999983658e-01,-1.000000000000000000e+00,8.300000000000034017e-01,-1.000000000000000000e+00,2.664535259100375697e-15,1.200000000000045475e-01,-1.000000000000000000e+00,6.700000000000032596e-01,-1.000000000000000000e+00,3.900000000000056755e-01,1.900000000000019451e-01,-1.000000000000000000e+00,1.600000000000028066e-01,-8.699999999999981082e-01,9.100000000000034728e-01,-1.000000000000000000e+00,1.900000000000010569e-01,-7.999999999999740652e-02,7.500000000000024425e-01,-1.599999999999974776e-01,-1.000000000000000000e+00,-5.799999999999996270e-01,-8.699999999999972200e-01,4.000000000000181188e-02,6.500000000000014655e-01,-7.699999999999989075e-01,6.800000000000032685e-01,5.800000000000022915e-01,-6.099999999999996536e-01,2.500000000000011102e-01,-1.000000000000000000e+00,1.000000000000018652e-01,-7.199999999999988631e-01,9.000000000000185629e-02,-6.599999999999979217e-01,-2.799999999999984723e-01,6.400000000000014566e-01,-5.099999999999986766e-01,-4.999999999999977796e-01,-1.000000000000000000e+00,-9.699999999999990852e-01,-2.199999999999975309e-01,-5.799999999999987388e-01,-1.299999999999947864e-01,-1.000000000000000000e+00,-5.499999999999987121e-01,9.000000000000016875e-01,-4.999999999999977796e-01,-9.799999999999990941e-01,-4.199999999999994849e-01,-7.499999999999988898e-01,-2.899999999999984812e-01,-2.999999999999984901e-01,-2.699999999999984635e-01,-5.199999999999986855e-01,3.200000000000020606e-01,-4.899999999999986589e-01,-1.000000000000000000e+00,-6.599999999999979217e-01,-5.499999999999987121e-01,2.300000000000055334e-01,-6.199999999999987743e-01,5.329070518200751394e-15,-1.299999999999983391e-01,-3.399999999999976374e-01,-6.099999999999978773e-01,-8.899999999999990141e-01,-8.599999999999972111e-01
-7.399999999999988809e-01,2.000000000000028422e-01,-3.299999999999985167e-01,-1.000000000000000000e+00,3.300000000000029576e-01,-1.999999999999975131e-01,8.200000000000016165e-01,-1.000000000000000000e+00,-5.099999999999977884e-01,6.400000000000014566e-01,5.500000000000049294e-01,-1.000000000000000000e+00,-1.199999999999956657e-01,-9.799999999999973177e-01,8.700000000000016609e-01,-8.799999999999990052e-01,-6.799999999999988276e-01,-1.000000000000000000e+00,4.300000000000021583e-01,4.400000000000012790e-01,2.664535259100375697e-15,1.800000000000028244e-01,-1.000000000000000000e+00,6.700000000000032596e-01,-9.199999999999990408e-01,5.200000000000049027e-01,7.900000000000015898e-01,-1.000000000000000000e+00,1.600000000000028066e-01,-1.000000000000000000e+00,8.000000000000095923e-02,-7.999999999999563016e-02,1.900000000000010569e-01,6.200000000000023270e-01,-9.999999999999120703e-03,-5.299999999999986944e-01,-1.000000000000000000e+00,-5.799999999999996270e-01,-1.000000000000000000e+00,-1.000000000000000000e+00,6.500000000000014655e-01,-7.699999999999989075e-01,5.700000000000022826e-01,-6.999999999999739764e-02,-1.000000000000000000e+00,2.500000000000011102e-01,-1.000000000000000000e+00,7.700000000000024603e-01,-7.199999999999988631e-01,7.800000000000015810e-01,7.200000000000033040e-01,-1.000000000000000000e+00,8.800000000000025580e-01,-5.099999999999986766e-01,-9.199999999999972644e-01,-1.000000000000000000e+00,-1.999999999999824141e-02,-2.199999999999975309e-01,-6.699999999999979305e-01,-6.999999999999961808e-01,-1.000000000000000000e+00,-3.599999999999994316e-01,9.000000000000016875e-01,-4.999999999999977796e-01,-1.000000000000000000e+00,-2.099999999999984102e-01,7.000000000000095035e-02,-2.899999999999984812e-01,-1.000000000000000000e+00,-2.699999999999984635e-01,-3.199999999999985079e-01,6.000000000000094147e-02,-8.299999999999998490e-01,-9.299999999999981615e-01,-6.599999999999979217e-01,-5.499999999999987121e-01,1.700000000000045919e-01,-1.000000000000000000e+00,-2.999999999999976019e-01,7.000000000000015099e-01,-5.999999999999827693e-02,-6.099999999999978773e-01,-1.000000000000000000e+00,-8.599999999999972111e-01
-4.699999999999995293e-01,-5.799999999999969624e-01,-3.299999999999985167e-01,-8.499999999999989786e-01,-5.599999999999987210e-01,-1.999999999999975131e-01,-1.599999999999983658e-01,-1.000000000000000000e+00,-1.000000000000000000e+00,-1.000000000000000000e+00,5.300000000000031353e-01,-1.000000000000000000e+00,-1.399999999999965716e-01,-1.000000000000000000e+00,8.700000000000016609e-01,-1.000000000000000000e+00,-1.599999999999983658e-01,-1.000000000000000000e+00,8.300000000000034017e-01,-1.000000000000000000e+00,-2.899999999999958167e-01,1.800000000000028244e-01,-1.000000000000000000e+00,6.700000000000032596e-01,-1.000000000000000000e+00,5.200000000000049027e-01,1.900000000000019451e-01,-1.000000000000000000e+00,6.900000000000023892e-01,-1.000000000000000000e+00,5.900000000000023004e-01,-1.000000000000000000e+00,1.900000000000010569e-01,4.600000000000030731e-01,-9.999999999999120703e-03,-5.299999999999986944e-01,-1.000000000000000000e+00,-1.000000000000000000e+00,-8.699999999999972200e-01,4.000000000000181188e-02,6.500000000000014655e-01,-7.699999999999989075e-01,6.800000000000032685e-01,5.800000000000022915e-01,-1.000000000000000000e+00,2.500000000000011102e-01,-1.000000000000000000e+00,1.000000000000018652e-01,-1.000000000000000000e+00,7.800000000000015810e-01,-6.599999999999979217e-01,-1.000000000000000000e+00,6.400000000000014566e-01,-5.099999999999986766e-01,-4.999999999999977796e-01,-7.899999999999989253e-01,6.800000000000041567e-01,-6.699999999999979305e-01,-1.000000000000000000e+00,-6.999999999999961808e-01,-1.000000000000000000e+00,-1.000000000000000000e+00,9.000000000000016875e-01,2.200000000000037481e-01,-1.000000000000000000e+00,-4.199999999999994849e-01,-7.499999999999988898e-01,-2.899999999999984812e-01,-2.999999999999984901e-01,-2.699999999999984635e-01,-5.199999999999986855e-01,3.200000000000020606e-01,-3.999999999999825917e-02,-1.000000000000000000e+00,-3.399999999999958611e-01,-5.499999999999987121e-01,2.300000000000055334e-01,-3.199999999999967315e-01,-8.199999999999971756e-01,3.900000000000030109e-01,-5.999999999999827693e-02,-6.099999999999978773e-01,-8.899999999999990141e-01,-8.599999999999972111e-01
-7.399999999999988809e-01,-1.199999999999965539e-01,1.700000000000028155e-01,-8.499999999999989786e-01,-5.599999999999987210e-01,-1.499999999999974687e-01,-1.599999999999983658e-01,-1.000000000000000000e+00,-4.199999999999968203e-01,-1.000000000000000000e+00,5.300000000000031353e-01,-1.000000000000000000e+00,-1.699999999999965983e-01,-2.199999999999984190e-01,4.600000000000030731e-01,-8.799999999999990052e-01,-1.000000000000000000e+00,-1.000000000000000000e+00,9.900000000000044320e-01,-6.599999999999961453e-01,-2.899999999999984812e-01,1.800000000000028244e-01,-4.999999999999986677e-01,6.700000000000032596e-01,-9.199999999999990408e-01,8.100000000000060485e-01,7.900000000000015898e-01,-1.000000000000000000e+00,-1.000000000000000000e+00,-8.699999999999981082e-01,-8.999999999999990230e-01,-1.599999999999957012e-01,9.000000000000025757e-01,6.200000000000023270e-01,-6.799999999999988276e-01,-5.299999999999986944e-01,-1.000000000000000000e+00,-1.000000000000000000e+00,-1.000000000000000000e+00,-8.699999999999989964e-01,6.500000000000014655e-01,-7.699999999999989075e-01,9.600000000000026290e-01,9.500000000000035083e-01,-1.000000000000000000e+00,4.000000000000181188e-02,-1.000000000000000000e+00,3.300000000000011813e-01,-1.000000000000000000e+00,8.100000000000024958e-01,-6.599999999999979217e-01,-1.000000000000000000e+00,-1.000000000000000000e+00,-5.099999999999986766e-01,-4.999999999999977796e-01,-7.899999999999998135e-01,6.800000000000041567e-01,-6.699999999999979305e-01,-9.299999999999981615e-01,-6.999999999999961808e-01,-3.399999999999985256e-01,1.776356839400250465e-15,9.000000000000016875e-01,-4.999999999999977796e-01,-1.000000000000000000e+00,-4.199999999999994849e-01,-7.499999999999988898e-01,-2.899999999999984812e-01,-1.000000000000000000e+00,6.000000000000360600e-02,-1.000000000000000000e+00,4.600000000000021849e-01,-9.299999999999990496e-01,-1.000000000000000000e+00,-6.599999999999979217e-01,-1.099999999999929923e-01,4.100000000000021405e-01,-5.399999999999978151e-01,-2.999999999999976019e-01,2.800000000000038014e-01,-5.999999999999827693e-02,-6.099999999999978773e-01,-8.899999999999990141e-01,4.500000000000039524e-01
-1.000000000000000000e+00,2.000000000000028422e-01,-3.299999999999985167e-01,-5.499999999999978240e-01,-5.599999999999987210e-01,-1.999999999999975131e-01,8.200000000000016165e-01,-1.000000000000000000e+00,-5.099999999999977884e-01,6.400000000000014566e-01,5.500000000000040412e-01,-1.099999999999974332e-01,-1.399999999999965716e-01,-1.000000000000000000e+00,-7.999999999999829470e-02,-8.799999999999990052e-01,-9.699999999999981970e-01,-1.000000000000000000e+00,4.300000000000021583e-01,4.400000000000012790e-01,2.664535259100375697e-15,1.800000000000028244e-01,-8.699999999999989964e-01,6.700000000000032596e-01,-9.199999999999990408e-01,5.200000000000049027e-01,-6.999999999999828582e-02,-1.000000000000000000e+00,1.600000000000028066e-01,-1.000000000000000000e+00,-8.999999999999990230e-01,-1.599999999999957012e-01,1.900000000000010569e-01,4.600000000000030731e-01,-1.000000000000000000e+00,-5.299999999999986944e-01,-1.000000000000000000e+00,-5.799999999999996270e-01,-8.899999999999990141e-01,5.500000000000022649e-01,9.000000000000185629e-02,-7.699999999999989075e-01,7.500000000000033307e-01,5.800000000000022915e-01,-1.000000000000000000e+00,9.700000000000026379e-01,-3.699999999999985523e-01,3.300000000000011813e-01,-5.599999999999987210e-01,7.800000000000015810e-01,-1.000000000000000000e+00,-1.000000000000000000e+00,8.800000000000025580e-01,-5.099999999999986766e-01,-4.999999999999977796e-01,-7.899999999999989253e-01,6.800000000000041567e-01,-2.199999999999975309e-01,-7.699999999999989075e-01,-1.299999999999947864e-01,-1.000000000000000000e+00,-3.599999999999994316e-01,9.000000000000016875e-01,-4.999999999999977796e-01,-5.299999999999986944e-01,-4.199999999999994849e-01,7.000000000000095035e-02,-2.899999999999984812e-01,-1.000000000000000000e+00,-2.699999999999984635e-01,-2.999999999999825029e-02,3.200000000000020606e-01,-1.000000000000000000e+00,-1.000000000000000000e+00,-6.599999999999979217e-01,1.900000000000028333e-01,1.800000000000054889e-01,-1.000000000000000000e+00,-5.199999999999977973e-01,4.100000000000030287e-01,-5.999999999999827693e-02,-6.099999999999978773e-01,-1.000000000000000000e+00,-8.599999999999972111e-01
-4.699999999999995293e-01,1.300000000000045564e-01,-3.299999999999985167e-01,-8.499999999999989786e-01,-1.999999999999735323e-02,-1.999999999999975131e-01,-1.599999999999983658e-01,-1.000000000000000000e+00,-1.000000000000000000e+00,-1.000000000000000000e+00,6.300000000000041123e-01,-1.000000000000000000e+00,-1.399999999999965716e-01,-1.000000000000000000e+00,8.700000000000016609e-01,-8.799999999999990052e-01,-1.000000000000000000e+00,-1.000000000000000000e+00,8.300000000000034017e-01,-1.000000000000000000e+00,-1.000000000000000000e+00,1.800000000000028244e-01,-1.000000000000000000e+00,6.700000000000032596e-01,-9.199999999999990408e-01,5.200000000000049027e-01,-6.999999999999828582e-02,-1.000000000000000000e+00,6.900000000000023892e-01,-1.000000000000000000e+00,5.900000000000023004e-01,-1.599999999999957012e-01,1.900000000000010569e-01,4.600000000000030731e-01,5.700000000000022826e-01,-5.299999999999986944e-01,-1.000000000000000000e+00,-1.799999999999983835e-01,-8.699999999999972200e-01,4.000000000000181188e-02,6.500000000000014655e-01,-7.699999999999989075e-01,6.800000000000032685e-01,5.800000000000022915e-01,-1.000000000000000000e+00,2.500000000000011102e-01,-1.000000000000000000e+00,3.300000000000011813e-01,-5.599999999999987210e-01,7.800000000000015810e-01,-6.599999999999979217e-01,-1.000000000000000000e+00,6.400000000000014566e-01,-5.099999999999986766e-01,-4.999999999999977796e-01,-7.899999999999989253e-01,6.800000000000041567e-01,-6.699999999999979305e-01,-1.000000000000000000e+00,-6.999999999999961808e-01,-8.599999999999980993e-01,1.776356839400250465e-15,9.000000000000016875e-01,2.200000000000037481e-01,-1.000000000000000000e+00,-4.199999999999994849e-01,-7.499999999999988898e-01,-2.899999999999984812e-01,-2.999999999999984901e-01,-2.699999999999984635e-01,-6.599999999999996980e-01,3.200000000000020606e-01,-3.999999999999825917e-02,-4.099999999999985878e-01,-9.999999999994679811e-03,-5.499999999999987121e-01,1.700000000000045919e-01,-7.599999999999962341e-01,-8.199999999999971756e-01,4.100000000000030287e-01,-5.999999999999827693e-02,-6.099999999999978773e-01,-8.899999999999990141e-01,-8.599999999999972111e-01
-1.000000000000000000e+00,2.000000000000028422e-01,-3.299999999999985167e-01,-9.099999999999972555e-01,-5.599999999999987210e-01,-5.799999999999987388e-01,-1.000000000000000000e+00,-1.000000000000000000e+00,-5.099999999999977884e-01,2.600000000000020073e-01,5.300000000000031353e-01,-1.000000000000000000e+00,-1.399999999999965716e-01,-9.799999999999973177e-01,8.700000000000016609e-01,-8.799999999999990052e-01,-1.000000000000000000e+00,-9.199999999999990408e-01,6.700000000000041478e-01,4.400000000000012790e-01,-2.899999999999958167e-01,1.800000000000028244e-01,-8.699999999999989964e-01,6.700000000000032596e-01,-8.499999999999980904e-01,3.900000000000056755e-01,7.900000000000015898e-01,-1.000000000000000000e+00,1.600000000000028066e-01,-8.699999999999981082e-01,-8.999999999999990230e-01,-6.699999999999952660e-01,1.900000000000010569e-01,6.200000000000023270e-01,-9.999999999999120703e-03,-5.299999999999986944e-01,-1.000000000000000000e+00,-1.000000000000000000e+00,-1.000000000000000000e+00,-1.000000000000000000e+00,6.500000000000014655e-01,-9.999999999999742428e-02,5.700000000000022826e-01,5.800000000000022915e-01,-6.099999999999996536e-01,4.000000000000021316e-01,-3.699999999999985523e-01,-5.599999999999987210e-01,-7.199999999999988631e-01,7.800000000000015810e-01,-1.000000000000000000e+00,-1.000000000000000000e+00,6.400000000000014566e-01,-5.099999999999986766e-01,-1.000000000000000000e+00,-1.000000000000000000e+00,6.800000000000041567e-01,-2.199999999999975309e-01,-1.000000000000000000e+00,9.000000000000540901e-02,-8.399999999999971934e-01,-3.599999999999994316e-01,9.000000000000016875e-01,2.200000000000037481e-01,-9.699999999999990852e-01,-4.199999999999994849e-01,-9.999999999999982236e-01,4.700000000000030820e-01,-1.000000000000000000e+00,-2.699999999999984635e-01,-1.000000000000000000e+00,4.600000000000021849e-01,-2.299999999999984279e-01,-1.000000000000000000e+00,-9.999999999994679811e-03,-4.999999999999382716e-02,1.700000000000045919e-01,-5.399999999999978151e-01,-8.199999999999971756e-01,4.100000000000030287e-01,-7.099999999999979661e-01,-6.099999999999978773e-01,-1.000000000000000000e+00,-8.599999999999972111e-01
-1.000000000000000000e+00,2.000000000000028422e-01,-1.000000000000000000e+00,-9.199999999999990408e-01,4.000000000000270006e-02,-1.499999999999974687e-01,-9.999999999998232525e-03,-1.000000000000000000e+00,-5.099999999999977884e-01,3.900000000000021227e-01,5.300000000000031353e-01,-7.399999999999988809e-01,-1.199999999999956657e-01,-9.799999999999973177e-01,8.700000000000016609e-01,-8.799999999999990052e-01,-1.000000000000000000e+00,-3.699999999999985523e-01,9.900000000000044320e-01,2.500000000000037748e-01,2.664535259100375697e-15,1.800000000000028244e-01,-1.000000000000000000e+00,6.700000000000032596e-01,-8.499999999999980904e-01,8.100000000000060485e-01,7.900000000000015898e-01,-1.000000000000000000e+00,1.600000000000028066e-01,-8.699999999999981082e-01,8.000000000000095923e-02,5.000000000000537348e-02,1.900000000000010569e-01,4.600000000000030731e-01,-6.799999999999988276e-01,-5.299999999999986944e-01,-1.000000000000000000e+00,-5.799999999999996270e-01,-1.000000000000000000e+00,-1.000000000000000000e+00,6.500000000000014655e-01,-2.599999999999975664e-01,5.700000000000022826e-01,9.500000000000035083e-01,-1.000000000000000000e+00,2.500000000000011102e-01,-1.000000000000000000e+00,3.300000000000011813e-01,-7.299999999999988720e-01,7.800000000000015810e-01,-6.599999999999979217e-01,-9.999999999999742428e-02,8.800000000000025580e-01,-5.099999999999986766e-01,-4.999999999999977796e-01,-1.000000000000000000e+00,6.800000000000041567e-01,-2.199999999999975309e-01,-5.799999999999987388e-01,-6.999999999999961808e-01,-8.599999999999980993e-01,-3.599999999999994316e-01,9.000000000000016875e-01,-4.999999999999977796e-01,-1.000000000000000000e+00,-4.199999999999994849e-01,-7.499999999999988898e-01,-2.899999999999984812e-01,-1.000000000000000000e+00,-2.699999999999984635e-01,-3.199999999999985079e-01,6.000000000000094147e-02,-8.299999999999998490e-01,-1.000000000000000000e+00,-6.599999999999979217e-01,-1.000000000000000000e+00,1.700000000000045919e-01,-5.399999999999978151e-01,-6.899999999999970601e-01,7.000000000000015099e-01,-5.999999999999827693e-02,-6.199999999999969980e-01,-1.000000000000000000e+00,-1.599999999999965894e-01
-4.699999999999995293e-01,2.000000000000028422e-01,-1.599999999999974776e-01,-9.099999999999972555e-01,-7.099999999999979661e-01,-1.599999999999965894e-01,8.200000000000016165e-01,-1.000000000000000000e+00,-5.099999999999977884e-01,-1.000000000000000000e+00,5.300000000000031353e-01,-1.000000000000000000e+00,-1.399999999999965716e-01,-2.199999999999984190e-01,4.600000000000030731e-01,-8.799999999999990052e-01,-1.000000000000000000e+00,-1.000000000000000000e+00,8.200000000000033928e-01,4.400000000000012790e-01,2.664535259100375697e-15,1.800000000000028244e-01,-1.000000000000000000e+00,6.700000000000032596e-01,-9.199999999999990408e-01,3.900000000000056755e-01,-6.999999999999828582e-02,-1.000000000000000000e+00,1.600000000000028066e-01,-8.699999999999981082e-01,5.900000000000023004e-01,-1.599999999999957012e-01,9.000000000000025757e-01,6.200000000000023270e-01,8.100000000000024958e-01,-5.299999999999986944e-01,-1.000000000000000000e+00,-1.000000000000000000e+00,-8.499999999999989786e-01,9.000000000000185629e-02,6.500000000000014655e-01,-1.000000000000000000e+00,9.600000000000026290e-01,5.800000000000022915e-01,-1.000000000000000000e+00,2.500000000000011102e-01,-1.000000000000000000e+00,3.300000000000011813e-01,-1.000000000000000000e+00,7.800000000000015810e-01,5.800000000000058442e-01,-1.000000000000000000e+00,-1.000000000000000000e+00,-5.099999999999986766e-01,-1.000000000000000000e+00,-1.000000000000000000e+00,6.800000000000041567e-01,-2.499999999999966693e-01,-9.299999999999981615e-01,-3.799999999999950084e-01,-3.399999999999985256e-01,-3.599999999999994316e-01,9.000000000000016875e-01,-4.999999999999977796e-01,-1.000000000000000000e+00,-4.199999999999994849e-01,7.000000000000095035e-02,-1.000000000000000000e+00,-1.000000000000000000e+00,-2.499999999999975575e-01,-1.000000000000000000e+00,2.100000000000019629e-01,-9.299999999999990496e-01,-1.000000000000000000e+00,-6.599999999999979217e-01,-1.999999999999824141e-02,1.700000000000045919e-01,-5.399999999999978151e-01,-3.499999999999958700e-01,7.000000000000015099e-01,-5.999999999999827693e-02,-6.099999999999978773e-01,-8.899999999999990141e-01,4.500000000000039524e-01
-1.000000000000000000e+00,2.000000000000028422e-01,-3.299999999999985167e-01,-8.499999999999989786e-01,-5.599999999999987210e-01,-1.499999999999974687e-01,-1.000000000000000000e+00,-1.000000000000000000e+00,-5.099999999999977884e-01,2.600000000000020073e-01,5.300000000000031353e-01,-1.000000000000000000e+00,-1.399999999999965716e-01,-9.799999999999973177e-01,8.700000000000016609e-01,-1.000000000000000000e+00,-1.000000000000000000e+00,-9.199999999999990408e-01,6.700000000000041478e-01,4.400000000000012790e-01,-2.899999999999984812e-01,1.800000000000028244e-01,-8.699999999999989964e-01,6.700000000000032596e-01,-8.499999999999980904e-01,3.900000000000056755e-01,7.900000000000015898e-01,-1.000000000000000000e+00,1.600000000000028066e-01,-8.699999999999981082e-01,-8.999999999999990230e-01,-6.699999999999952660e-01,9.000000000000025757e-01,6.200000000000023270e-01,-9.999999999999120703e-03,-5.299999999999986944e-01,-1.000000000000000000e+00,-1.000000000000000000e+00,-1.000000000000000000e+00,-8.699999999999989964e-01,6.500000000000014655e-01,-7.699999999999989075e-01,9.600000000000026290e-01,5.800000000000022915e-01,-1.000000000000000000e+00,4.000000000000021316e-01,-1.000000000000000000e+00,3.300000000000011813e-01,-7.199999999999988631e-01,2.000000000000179412e-02,-1.000000000000000000e+00,-1.000000000000000000e+00,-1.000000000000000000e+00,-5.099999999999986766e-01,-4.999999999999977796e-01,8.000000000000184741e-02,-1.000000000000000000e+00,-6.899999999999970601e-01,-1.000000000000000000e+00,9.000000000000540901e-02,-8.399999999999971934e-01,-3.599999999999994316e-01,-1.000000000000000000e+00,-4.999999999999977796e-01,-1.000000000000000000e+00,-4.199999999999994849e-01,-9.999999999999982236e-01,4.700000000000030820e-01,-1.000000000000000000e+00,-2.699999999999984635e-01,-1.000000000000000000e+00,4.600000000000021849e-01,-9.299999999999990496e-01,-1.000000000000000000e+00,-9.999999999994679811e-03,-1.099999999999929923e-01,4.100000000000021405e-01,-5.399999999999978151e-01,-8.199999999999971756e-01,4.100000000000030287e-01,-7.099999999999979661e-01,-6.099999999999978773e-01,-1.000000000000000000e+00,-8.599999999999972111e-01
-4.699999999999995293e-01,-5.799999999999969624e-01,-3.299999999999985167e-01,-1.000000000000000000e+00,-5.599999999999987210e-01,-4.299999999999968292e-01,8.200000000000016165e-01,-1.000000000000000000e+00,-5.099999999999977884e-01,6.400000000000014566e-01,5.300000000000031353e-01,-1.000000000000000000e+00,-1.199999999999956657e-01,2.000000000000268230e-02,8.700000000000016609e-01,-8.799999999999990052e-01,-6.799999999999988276e-01,-1.000000000000000000e+00,4.300000000000021583e-01,-1.000000000000000000e+00,2.664535259100375697e-15,1.800000000000028244e-01,-1.000000000000000000e+00,6.700000000000032596e-01,-9.199999999999990408e-01,-5.399999999999942624e-01,1.900000000000019451e-01,-1.000000000000000000e+00,1.600000000000028066e-01,-1.000000000000000000e+00,9.100000000000034728e-01,-1.000000000000000000e+00,1.900000000000010569e-01,-1.000000000000000000e+00,-9.999999999999120703e-03,-1.599999999999974776e-01,-1.000000000000000000e+00,-5.799999999999996270e-01,-8.699999999999972200e-01,-1.000000000000000000e+00,6.500000000000014655e-01,-7.699999999999989075e-01,5.700000000000022826e-01,-6.999999999999739764e-02,-4.599999999999986322e-01,2.500000000000011102e-01,-1.000000000000000000e+00,7.700000000000024603e-01,-7.199999999999988631e-01,9.000000000000185629e-02,7.200000000000033040e-01,-1.000000000000000000e+00,8.800000000000025580e-01,-5.099999999999986766e-01,-4.999999999999977796e-01,-1.000000000000000000e+00,-9.699999999999990852e-01,-2.199999999999975309e-01,-6.699999999999979305e-01,-1.299999999999947864e-01,-1.000000000000000000e+00,-5.499999999999987121e-01,9.000000000000016875e-01,-4.999999999999977796e-01,-1.000000000000000000e+00,-2.099999999999984102e-01,-7.499999999999988898e-01,-2.899999999999984812e-01,-2.999999999999984901e-01,-2.699999999999984635e-01,-5.199999999999986855e-01,3.200000000000020606e-01,-4.899999999999986589e-01,-9.299999999999981615e-01,-6.599999999999979217e-01,-5.499999999999987121e-01,2.300000000000055334e-01,-6.199999999999987743e-01,-1.000000000000000000e+00,-1.299999999999983391e-01,-3.399999999999976374e-01,-6.099999999999978773e-01,-1.000000000000000000e+00,-8.599999999999972111e-01
-4.699999999999995293e-01,2.000000000000028422e-01,-4.499999999999977351e-01,-5.499999999999978240e-01,-5.599999999999987210e-01,-1.999999999999975131e-01,-1.599999999999983658e-01,-1.000000000000000000e+00,-1.000000000000000000e+00,-1.000000000000000000e+00,5.300000000000031353e-01,-1.099999999999974332e-01,-1.399999999999965716e-01,-1.000000000000000000e+00,-7.999999999999829470e-02,-1.000000000000000000e+00,-9.699999999999981970e-01,-1.000000000000000000e+00,8.300000000000034017e-01,-1.000000000000000000e+00,5.100000000000057820e-01,1.800000000000028244e-01,-1.000000000000000000e+00,6.700000000000032596e-01,-7.699999999999989075e-01,-1.000000000000000000e+00,1.900000000000019451e-01,-1.000000000000000000e+00,6.900000000000023892e-01,-1.000000000000000000e+00,-8.999999999999990230e-01,-1.000000000000000000e+00,6.400000000000023448e-01,4.600000000000030731e-01,-9.999999999999120703e-03,-5.299999999999986944e-01,-1.000000000000000000e+00,-1.000000000000000000e+00,-8.699999999999972200e-01,4.000000000000181188e-02,5.900000000000023004e-01,-7.699999999999989075e-01,6.800000000000032685e-01,5.800000000000022915e-01,-1.000000000000000000e+00,9.700000000000026379e-01,-1.000000000000000000e+00,3.300000000000011813e-01,-4.699999999999977529e-01,7.800000000000015810e-01,-6.199999999999969980e-01,-1.000000000000000000e+00,9.400000000000034994e-01,-5.099999999999986766e-01,-4.999999999999977796e-01,-7.899999999999989253e-01,6.800000000000041567e-01,-2.199999999999975309e-01,-1.000000000000000000e+00,-1.299999999999947864e-01,-1.000000000000000000e+00,-3.599999999999994316e-01,9.000000000000016875e-01,2.200000000000037481e-01,-1.000000000000000000e+00,-4.199999999999994849e-01,7.000000000000095035e-02,-2.899999999999984812e-01,-1.000000000000000000e+00,-2.699999999999984635e-01,-2.999999999999825029e-02,3.200000000000020606e-01,-3.999999999999825917e-02,-1.000000000000000000e+00,3.100000000000038280e-01,1.900000000000028333e-01,2.300000000000055334e-01,-1.000000000000000000e+00,-5.199999999999977973e-01,3.900000000000030109e-01,-5.999999999999827693e-02,-6.099999999999978773e-01,-1.000000000000000000e+00,-8.599999999999972111e-01
-4.699999999999995293e-01,-5.799999999999969624e-01,-1.000000000000000000e+00,-8.499999999999989786e-01,4.000000000000270006e-02,-1.499999999999974687e-01,-1.599999999999983658e-01,-1.000000000000000000e+00,-5.099999999999977884e-01,-1.000000000000000000e+00,5.300000000000031353e-01,-1.000000000000000000e+00,-1.199999999999956657e-01,-1.000000000000000000e+00,8.700000000000016609e-01,-1.000000000000000000e+00,-1.599999999999983658e-01,-1.000000000000000000e+00,9.900000000000044320e-01,2.500000000000037748e-01,-2.899999999999958167e-01,1.800000000000028244e-01,-5.199999999999986855e-01,6.700000000000032596e-01,-8.499999999999980904e-01,8.100000000000060485e-01,1.900000000000019451e-01,-1.000000000000000000e+00,6.900000000000023892e-01,-1.000000000000000000e+00,2.100000000000019629e-01,5.000000000000537348e-02,1.900000000000010569e-01,4.600000000000030731e-01,-9.999999999999120703e-03,-5.299999999999986944e-01,-7.699999999999989075e-01,-1.000000000000000000e+00,-1.000000000000000000e+00,4.000000000000181188e-02,6.500000000000014655e-01,-2.599999999999975664e-01,8.200000000000033928e-01,9.500000000000035083e-01,-1.000000000000000000e+00,2.500000000000011102e-01,-1.000000000000000000e+00,-9.999999999998232525e-03,-7.299999999999988720e-01,7.800000000000015810e-01,-6.599999999999979217e-01,-1.000000000000000000e+00,8.800000000000025580e-01,-5.099999999999986766e-01,-4.999999999999977796e-01,-1.000000000000000000e+00,6.800000000000041567e-01,-2.199999999999975309e-01,-5.799999999999987388e-01,-6.999999999999961808e-01,-8.599999999999980993e-01,-3.599999999999994316e-01,9.000000000000016875e-01,-4.999999999999977796e-01,-1.000000000000000000e+00,-4.199999999999994849e-01,-7.499999999999988898e-01,5.000000000000031086e-01,-1.000000000000000000e+00,-7.899999999999980371e-01,-5.199999999999986855e-01,3.200000000000020606e-01,-8.299999999999998490e-01,-1.000000000000000000e+00,-6.599999999999979217e-01,-5.799999999999987388e-01,2.300000000000055334e-01,-5.399999999999978151e-01,-8.199999999999971756e-01,7.000000000000015099e-01,-5.999999999999827693e-02,-6.199999999999969980e-01,-8.899999999999990141e-01,-1.599999999999965894e-01
-4.699999999999995293e-01,2.000000000000028422e-01,-3.299999999999985167e-01,-8.499999999999989786e-01,-5.599999999999987210e-01,-1.999999999999975131e-01,-1.599999999999983658e-01,-1.399999999999983480e-01,2.200000000000037481e-01,-1.000000000000000000e+00,5.500000000000040412e-01,-2.999999999999825029e-02,-1.399999999999965716e-01,-1.000000000000000000e+00,8.700000000000016609e-01,-8.799999999999990052e-01,-1.000000000000000000e+00,-1.000000000000000000e+00,8.300000000000034017e-01,-2.999999999999976019e-01,-1.000000000000000000e+00,1.800000000000028244e-01,-1.000000000000000000e+00,6.700000000000032596e-01,-9.199999999999990408e-01,-1.000000000000000000e+00,-6.999999999999828582e-02,-1.000000000000000000e+00,6.900000000000023892e-01,-1.000000000000000000e+00,8.000000000000095923e-02,-1.599999999999957012e-01,1.900000000000010569e-01,4.600000000000030731e-01,5.700000000000022826e-01,-5.299999999999986944e-01,-1.000000000000000000e+00,-1.799999999999983835e-01,-1.000000000000000000e+00,4.000000000000181188e-02,9.000000000000185629e-02,-7.699999999999989075e-01,5.700000000000022826e-01,5.800000000000022915e-01,-1.000000000000000000e+00,-3.199999999999985079e-01,2.600000000000028955e-01,3.300000000000011813e-01,-5.599999999999987210e-01,7.800000000000015810e-01,7.200000000000033040e-01,-1.000000000000000000e+00,8.800000000000025580e-01,4.100000000000030287e-01,-4.999999999999977796e-01,-7.899999999999989253e-01,6.800000000000041567e-01,-6.699999999999979305e-01,-1.000000000000000000e+00,-6.999999999999961808e-01,-8.599999999999980993e-01,-3.599999999999994316e-01,9.000000000000016875e-01,2.200000000000037481e-01,-1.000000000000000000e+00,-4.199999999999994849e-01,6.300000000000023359e-01,4.700000000000030820e-01,-2.999999999999984901e-01,4.500000000000030642e-01,-6.599999999999996980e-01,3.200000000000020606e-01,4.600000000000030731e-01,-1.000000000000000000e+00,-9.999999999999653610e-02,-5.499999999999987121e-01,7.400000000000059863e-01,-7.599999999999962341e-01,-8.199999999999971756e-01,7.000000000000015099e-01,3.800000000000030020e-01,-6.099999999999978773e-01,-8.899999999999990141e-01,-8.599999999999972111e-01
-4.699999999999995293e-01,1.300000000000045564e-01,-1.599999999999974776e-01,-9.099999999999972555e-01,-1.999999999999735323e-02,-1.999999999999975131e-01,-1.599999999999983658e-01,-1.000000000000000000e+00,-1.000000000000000000e+00,-1.000000000000000000e+00,1.000000000000444977e-02,-1.000000000000000000e+00,-1.399999999999965716e-01,-7.199999999999979750e-01,4.600000000000030731e-01,-8.799999999999990052e-01,-1.000000000000000000e+00,-1.000000000000000000e+00,8.300000000000034017e-01,-1.000000000000000000e+00,-1.000000000000000000e+00,1.800000000000028244e-01,-1.000000000000000000e+00,6.700000000000032596e-01,-9.199999999999990408e-01,5.200000000000049027e-01,-6.999999999999828582e-02,-1.000000000000000000e+00,6.900000000000023892e-01,-1.000000000000000000e+00,5.900000000000023004e-01,-1.599999999999957012e-01,9.000000000000025757e-01,6.200000000000023270e-01,5.700000000000022826e-01,-5.299999999999986944e-01,-1.000000000000000000e+00,-5.799999999999987388e-01,-8.499999999999989786e-01,9.000000000000185629e-02,6.500000000000014655e-01,-1.000000000000000000e+00,-1.000000000000000000e+00,-1.399999999999974598e-01,-1.000000000000000000e+00,2.500000000000011102e-01,-1.000000000000000000e+00,3.300000000000011813e-01,-5.599999999999987210e-01,1.900000000000019451e-01,-6.599999999999979217e-01,-1.000000000000000000e+00,-5.199999999999986855e-01,-5.099999999999986766e-01,-1.000000000000000000e+00,-7.899999999999989253e-01,4.700000000000048583e-01,-2.499999999999966693e-01,-1.000000000000000000e+00,-3.799999999999950084e-01,-3.399999999999985256e-01,1.776356839400250465e-15,9.000000000000016875e-01,2.200000000000037481e-01,-1.000000000000000000e+00,-4.199999999999994849e-01,-7.499999999999988898e-01,-1.000000000000000000e+00,-2.999999999999984901e-01,3.600000000000038725e-01,-1.000000000000000000e+00,3.200000000000020606e-01,-9.299999999999990496e-01,-4.099999999999985878e-01,-6.599999999999979217e-01,-1.999999999999824141e-02,1.700000000000045919e-01,-5.399999999999978151e-01,-3.499999999999958700e-01,4.100000000000030287e-01,-5.999999999999827693e-02,-6.099999999999978773e-01,-8.899999999999990141e-01,4.500000000000039524e-01
-4.699999999999995293e-01,2.000000000000028422e-01,-3.299999999999985167e-01,-9.099999999999972555e-01,-7.099999999999979661e-01,-1.599999999999965894e-01,8.200000000000016165e-01,-1.000000000000000000e+00,-5.099999999999977884e-01,2.600000000000020073e-01,4.600000000000039613e-01,-1.000000000000000000e+00,-1.399999999999965716e-01,-2.199999999999984190e-01,4.600000000000030731e-01,-2.699999999999975753e-01,-1.000000000000000000e+00,-1.000000000000000000e+00,8.200000000000033928e-01,4.400000000000012790e-01,2.664535259100375697e-15,1.800000000000028244e-01,-1.000000000000000000e+00,6.700000000000032596e-01,-9.199999999999990408e-01,3.900000000000056755e-01,7.900000000000015898e-01,-1.000000000000000000e+00,1.600000000000028066e-01,-8.699999999999981082e-01,5.900000000000023004e-01,-1.599999999999957012e-01,9.100000000000025846e-01,6.200000000000023270e-01,8.100000000000024958e-01,-5.299999999999986944e-01,-1.000000000000000000e+00,-1.000000000000000000e+00,-1.000000000000000000e+00,-1.000000000000000000e+00,6.500000000000014655e-01,-1.000000000000000000e+00,9.600000000000026290e-01,5.800000000000022915e-01,-1.000000000000000000e+00,2.500000000000011102e-01,-3.699999999999985523e-01,3.300000000000011813e-01,-4.399999999999986144e-01,7.800000000000015810e-01,5.800000000000058442e-01,-1.000000000000000000e+00,-1.000000000000000000e+00,-5.899999999999978595e-01,-1.000000000000000000e+00,-1.000000000000000000e+00,6.800000000000041567e-01,-2.199999999999975309e-01,-1.000000000000000000e+00,-3.799999999999950084e-01,-3.399999999999985256e-01,-3.599999999999994316e-01,-1.000000000000000000e+00,-4.999999999999977796e-01,-9.699999999999990852e-01,-4.199999999999994849e-01,7.000000000000095035e-02,4.700000000000030820e-01,-1.000000000000000000e+00,-2.499999999999975575e-01,-1.000000000000000000e+00,4.600000000000021849e-01,-9.299999999999990496e-01,-1.000000000000000000e+00,-9.999999999994679811e-03,-1.999999999999824141e-02,1.700000000000045919e-01,-5.399999999999978151e-01,-8.199999999999971756e-01,7.000000000000015099e-01,-7.099999999999979661e-01,-6.099999999999978773e-01,-1.000000000000000000e+00,-8.599999999999972111e-01
-4.699999999999995293e-01,2.000000000000028422e-01,-3.299999999999985167e-01,-8.499999999999989786e-01,-5.599999999999987210e-01,-5.799999999999987388e-01,8.200000000000016165e-01,-3.399999999999985256e-01,-5.099999999999977884e-01,2.600000000000020073e-01,5.300000000000031353e-01,-1.000000000000000000e+00,-1.399999999999965716e-01,2.000000000000268230e-02,8.700000000000016609e-01,-1.000000000000000000e+00,-1.000000000000000000e+00,-9.199999999999990408e-01,6.700000000000041478e-01,4.400000000000012790e-01,-2.899999999999958167e-01,1.200000000000045475e-01,-1.000000000000000000e+00,6.700000000000032596e-01,-8.499999999999980904e-01,3.900000000000056755e-01,7.900000000000015898e-01,-1.000000000000000000e+00,1.600000000000028066e-01,-8.699999999999981082e-01,-8.999999999999990230e-01,-6.699999999999952660e-01,1.900000000000010569e-01,6.200000000000023270e-01,-9.999999999999120703e-03,1.400000000000027889e-01,-1.000000000000000000e+00,-1.000000000000000000e+00,-1.000000000000000000e+00,-1.000000000000000000e+00,6.500000000000014655e-01,-7.699999999999989075e-01,5.700000000000022826e-01,5.800000000000022915e-01,-6.099999999999996536e-01,4.000000000000021316e-01,-1.000000000000000000e+00,-5.599999999999987210e-01,-7.199999999999988631e-01,7.800000000000015810e-01,-1.000000000000000000e+00,-1.000000000000000000e+00,6.400000000000014566e-01,-5.099999999999986766e-01,-1.000000000000000000e+00,-1.000000000000000000e+00,6.800000000000041567e-01,-2.199999999999975309e-01,-5.799999999999987388e-01,-1.299999999999947864e-01,-1.000000000000000000e+00,-9.499999999999990674e-01,9.000000000000016875e-01,2.200000000000037481e-01,-9.799999999999990941e-01,-4.199999999999994849e-01,-9.999999999999982236e-01,-2.899999999999984812e-01,-1.000000000000000000e+00,-2.699999999999984635e-01,-1.000000000000000000e+00,3.200000000000020606e-01,-2.299999999999984279e-01,-1.000000000000000000e+00,-6.599999999999979217e-01,-5.499999999999987121e-01,2.300000000000055334e-01,-5.399999999999978151e-01,5.329070518200751394e-15,4.100000000000030287e-01,-7.099999999999979661e-01,-6.099999999999978773e-01,-1.000000000000000000e+00,-8.599999999999972111e-01
-1.000000000000000000e+00,2.000000000000028422e-01,-7.599999999999980105e-01,-1.000000000000000000e+00,3.300000000000029576e-01,-5.799999999999987388e-01,-1.000000000000000000e+00,-1.000000000000000000e+00,-5.099999999999977884e-01,2.600000000000020073e-01,5.300000000000031353e-01,-1.000000000000000000e+00,-1.399999999999965716e-01,-9.799999999999973177e-01,8.700000000000016609e-01,-1.000000000000000000e+00,-1.000000000000000000e+00,-1.000000000000000000e+00,6.700000000000041478e-01,3.100000000000020517e-01,2.664535259100375697e-15,1.800000000000028244e-01,-8.699999999999989964e-01,6.700000000000032596e-01,-8.499999999999980904e-01,5.200000000000049027e-01,7.900000000000015898e-01,-1.000000000000000000e+00,1.600000000000028066e-01,-1.000000000000000000e+00,8.000000000000095923e-02,-6.699999999999952660e-01,1.900000000000010569e-01,6.200000000000023270e-01,-9.999999999999120703e-03,-5.299999999999986944e-01,-1.000000000000000000e+00,-1.000000000000000000e+00,-1.000000000000000000e+00,-1.000000000000000000e+00,6.500000000000014655e-01,-9.999999999999742428e-02,5.700000000000022826e-01,5.800000000000022915e-01,-1.000000000000000000e+00,2.500000000000011102e-01,-1.000000000000000000e+00,7.700000000000024603e-01,-7.199999999999988631e-01,7.800000000000015810e-01,-1.000000000000000000e+00,-1.000000000000000000e+00,6.400000000000014566e-01,-5.099999999999986766e-01,-9.199999999999972644e-01,-1.000000000000000000e+00,6.800000000000041567e-01,-2.199999999999975309e-01,-1.000000000000000000e+00,9.000000000000540901e-02,-7.499999999999962252e-01,-3.599999999999994316e-01,-1.000000000000000000e+00,2.200000000000037481e-01,-6.099999999999987654e-01,-2.099999999999984102e-01,-8.699999999999989964e-01,-2.899999999999984812e-01,-1.000000000000000000e+00,-2.699999999999984635e-01,-3.199999999999985079e-01,4.600000000000021849e-01,-8.299999999999998490e-01,-1.000000000000000000e+00,-9.999999999994679811e-03,-5.499999999999987121e-01,1.700000000000045919e-01,-5.399999999999978151e-01,-2.999999999999976019e-01,-1.000000000000000000e+00,-5.999999999999827693e-02,-6.099999999999978773e-01,-8.899999999999990141e-01,-8.599999999999972111e-01
-4.699999999999995293e-01,-5.799999999999969624e-01,-5.799999999999978506e-01,-8.499999999999989786e-01,-5.599999999999987210e-01,-1.999999999999975131e-01,-1.599999999999983658e-01,-7.299999999999988720e-01,-1.000000000000000000e+00,-1.000000000000000000e+00,6.300000000000041123e-01,-1.000000000000000000e+00,-1.199999999999956657e-01,-1.000000000000000000e+00,8.700000000000016609e-01,-1.000000000000000000e+00,-1.000000000000000000e+00,-1.000000000000000000e+00,8.300000000000034017e-01,-4.499999999999986233e-01,-1.000000000000000000e+00,1.800000000000028244e-01,-1.000000000000000000e+00,6.700000000000032596e-01,-1.000000000000000000e+00,5.200000000000049027e-01,1.900000000000019451e-01,-1.000000000000000000e+00,6.900000000000023892e-01,-1.000000000000000000e+00,5.900000000000023004e-01,-1.599999999999957012e-01,1.900000000000010569e-01,4.600000000000030731e-01,-9.999999999999120703e-03,-5.299999999999986944e-01,-1.000000000000000000e+00,-1.799999999999983835e-01,-8.699999999999972200e-01,4.000000000000181188e-02,6.500000000000014655e-01,-3.499999999999976463e-01,6.800000000000032685e-01,5.800000000000022915e-01,-1.000000000000000000e+00,2.500000000000011102e-01,-9.899999999999991029e-01,3.300000000000011813e-01,-1.000000000000000000e+00,7.800000000000015810e-01,-6.599999999999979217e-01,-1.000000000000000000e+00,6.400000000000014566e-01,-5.099999999999986766e-01,-4.999999999999977796e-01,-1.399999999999974598e-01,6.800000000000041567e-01,-6.699999999999979305e-01,-3.199999999999985079e-01,-6.999999999999961808e-01,-8.599999999999980993e-01,1.776356839400250465e-15,9.000000000000016875e-01,2.200000000000037481e-01,-1.000000000000000000e+00,-4.199999999999994849e-01,-7.499999999999988898e-01,-9.999999999999742428e-02,-2.999999999999984901e-01,-2.699999999999984635e-01,-6.599999999999996980e-01,3.200000000000020606e-01,-3.999999999999825917e-02,-1.000000000000000000e+00,-9.999999999994679811e-03,-5.499999999999987121e-01,2.300000000000055334e-01,-9.099999999999954792e-01,-8.199999999999971756e-01,4.100000000000030287e-01,-5.999999999999827693e-02,-6.099999999999978773e-01,-8.899999999999990141e-01,-8.599999999999972111e-01
-4.699999999999995293e-01,2.000000000000028422e-01,-3.299999999999985167e-01,-9.099999999999972555e-01,-5.599999999999987210e-01,-1.000000000000000000e+00,8.200000000000016165e-01,-1.000000000000000000e+00,-5.099999999999977884e-01,2.600000000000020073e-01,5.300000000000031353e-01,-1.000000000000000000e+00,-1.399999999999965716e-01,2.000000000000268230e-02,8.700000000000016609e-01,-8.799999999999990052e-01,-1.599999999999983658e-01,-1.000000000000000000e+00,6.700000000000041478e-01,5.900000000000023004e-01,-1.199999999999947775e-01,1.800000000000028244e-01,-8.699999999999989964e-01,6.700000000000032596e-01,-1.000000000000000000e+00,-2.299999999999939870e-01,1.900000000000019451e-01,-1.000000000000000000e+00,1.600000000000028066e-01,-8.699999999999981082e-01,9.100000000000034728e-01,-6.699999999999952660e-01,1.900000000000010569e-01,-7.999999999999740652e-02,7.500000000000024425e-01,-5.299999999999986944e-01,-1.000000000000000000e+00,-1.000000000000000000e+00,-1.000000000000000000e+00,-1.000000000000000000e+00,6.500000000000014655e-01,-7.699999999999989075e-01,5.700000000000022826e-01,5.800000000000022915e-01,-6.099999999999996536e-01,2.500000000000011102e-01,-1.000000000000000000e+00,-5.599999999999987210e-01,-7.199999999999988631e-01,9.000000000000185629e-02,-6.599999999999979217e-01,-2.799999999999984723e-01,6.400000000000014566e-01,-5.099999999999986766e-01,-1.000000000000000000e+00,-1.000000000000000000e+00,6.300000000000050004e-01,-2.199999999999975309e-01,-1.000000000000000000e+00,9.000000000000540901e-02,-8.399999999999971934e-01,-5.499999999999987121e-01,9.000000000000016875e-01,2.200000000000037481e-01,-9.799999999999990941e-01,-4.199999999999994849e-01,-9.999999999999982236e-01,4.700000000000030820e-01,-2.999999999999984901e-01,-2.699999999999984635e-01,-5.199999999999986855e-01,3.200000000000020606e-01,-2.299999999999984279e-01,-1.000000000000000000e+00,-6.599999999999979217e-01,-4.999999999999382716e-02,1.700000000000045919e-01,-5.399999999999978151e-01,-1.000000000000000000e+00,4.100000000000030287e-01,3.800000000000038902e-01,-6.099999999999978773e-01,-1.000000000000000000e+00,-8.599999999999972111e-01
-1.000000000000000000e+00,2.000000000000028422e-01,-1.599999999999974776e-01,-9.099999999999972555e-01,2.800000000000029132e-01,-6.999999999999739764e-02,-1.000000000000000000e+00,-1.000000000000000000e+00,2.200000000000037481e-01,-1.000000000000000000e+00,5.300000000000031353e-01,-1.000000000000000000e+00,-1.399999999999965716e-01,-2.199999999999984190e-01,4.600000000000030731e-01,-8.799999999999990052e-01,-1.000000000000000000e+00,-1.000000000000000000e+00,6.700000000000041478e-01,4.400000000000012790e-01,-2.899999999999958167e-01,1.800000000000028244e-01,-1.000000000000000000e+00,6.700000000000032596e-01,-8.499999999999980904e-01,3.900000000000056755e-01,7.900000000000015898e-01,-1.000000000000000000e+00,1.600000000000028066e-01,-8.699999999999981082e-01,5.900000000000023004e-01,-1.599999999999957012e-01,9.000000000000025757e-01,3.700000000000029932e-01,8.100000000000024958e-01,-5.299999999999986944e-01,-1.000000000000000000e+00,-1.000000000000000000e+00,-1.000000000000000000e+00,9.000000000000185629e-02,6.500000000000014655e-01,-1.000000000000000000e+00,3.400000000000029665e-01,-1.000000000000000000e+00,-6.099999999999996536e-01,2.500000000000011102e-01,-1.000000000000000000e+00,-5.599999999999987210e-01,-7.199999999999988631e-01,7.800000000000015810e-01,5.800000000000058442e-01,-1.000000000000000000e+00,-1.000000000000000000e+00,-5.099999999999986766e-01,-1.000000000000000000e+00,-1.000000000000000000e+00,6.800000000000041567e-01,-2.499999999999966693e-01,-1.000000000000000000e+00,9.000000000000540901e-02,-3.399999999999985256e-01,-3.599999999999994316e-01,9.000000000000016875e-01,-4.999999999999977796e-01,-1.000000000000000000e+00,-4.199999999999994849e-01,7.000000000000095035e-02,4.700000000000030820e-01,-1.000000000000000000e+00,-2.499999999999975575e-01,-1.000000000000000000e+00,2.100000000000019629e-01,-2.299999999999984279e-01,-1.699999999999983746e-01,-6.599999999999979217e-01,-4.999999999999382716e-02,1.700000000000045919e-01,-5.399999999999978151e-01,-8.199999999999971756e-01,7.000000000000015099e-01,-7.099999999999979661e-01,-6.099999999999978773e-01,-3.899999999999976819e-01,4.500000000000039524e-01
-1.000000000000000000e+00,1.300000000000045564e-01,-3.299999999999985167e-01,-8.499999999999989786e-01,9.400000000000043876e-01,-1.999999999999975131e-01,-1.599999999999983658e-01,-1.000000000000000000e+00,-1.000000000000000000e+00,-1.000000000000000000e+00,-1.000000000000000000e+00,-1.000000000000000000e+00,-1.399999999999965716e-01,-9.799999999999973177e-01,8.700000000000016609e-01,-8.799999999999990052e-01,-1.000000000000000000e+00,-1.000000000000000000e+00,8.300000000000034017e-01,-1.000000000000000000e+00,-1.000000000000000000e+00,-4.499999999999968470e-01,-1.000000000000000000e+00,6.700000000000032596e-01,-9.199999999999990408e-01,3.900000000000056755e-01,7.900000000000015898e-01,-1.000000000000000000e+00,1.600000000000028066e-01,-1.000000000000000000e+00,-8.999999999999990230e-01,-6.699999999999952660e-01,1.900000000000010569e-01,6.200000000000023270e-01,-1.799999999999974953e-01,-5.299999999999986944e-01,-2.299999999999984279e-01,-1.000000000000000000e+00,-1.000000000000000000e+00,6.100000000000032063e-01,6.500000000000014655e-01,-3.399999999999967493e-01,5.700000000000022826e-01,5.800000000000022915e-01,-1.000000000000000000e+00,2.500000000000011102e-01,-1.000000000000000000e+00,5.700000000000022826e-01,-5.599999999999987210e-01,7.800000000000015810e-01,-1.000000000000000000e+00,-1.000000000000000000e+00,6.400000000000014566e-01,3.900000000000030109e-01,-1.000000000000000000e+00,-1.000000000000000000e+00,6.800000000000041567e-01,-1.000000000000000000e+00,-1.000000000000000000e+00,-6.999999999999961808e-01,-8.599999999999980993e-01,1.776356839400250465e-15,3.200000000000020606e-01,2.200000000000037481e-01,-9.699999999999990852e-01,-4.199999999999994849e-01,-7.499999999999988898e-01,-2.899999999999984812e-01,-1.000000000000000000e+00,-2.699999999999984635e-01,-6.599999999999996980e-01,4.600000000000021849e-01,-3.999999999999825917e-02,-4.099999999999985878e-01,2.100000000000064038e-01,-4.999999999999382716e-02,1.700000000000045919e-01,-5.399999999999978151e-01,-8.199999999999971756e-01,4.100000000000030287e-01,-5.999999999999827693e-02,-6.099999999999978773e-01,-1.000000000000000000e+00,-8.599999999999972111e-01
-1.000000000000000000e+00,2.000000000000028422e-01,-1.599999999999974776e-01,-9.199999999999990408e-01,4.000000000000270006e-02,-1.499999999999974687e-01,-9.999999999998232525e-03,-1.000000000000000000e+00,-5.099999999999977884e-01,3.900000000000021227e-01,5.300000000000031353e-01,-7.399999999999988809e-01,-1.399999999999965716e-01,-9.799999999999973177e-01,8.700000000000016609e-01,-8.799999999999990052e-01,-1.000000000000000000e+00,-1.000000000000000000e+00,9.900000000000044320e-01,4.400000000000012790e-01,2.664535259100375697e-15,1.800000000000028244e-01,-8.599999999999989875e-01,6.700000000000032596e-01,-9.199999999999990408e-01,8.100000000000060485e-01,7.900000000000015898e-01,-1.000000000000000000e+00,5.100000000000040057e-01,-8.699999999999981082e-01,8.000000000000095923e-02,5.000000000000537348e-02,1.900000000000010569e-01,4.600000000000030731e-01,-6.799999999999988276e-01,-5.299999999999986944e-01,-1.000000000000000000e+00,-5.799999999999996270e-01,-8.499999999999989786e-01,9.000000000000185629e-02,6.500000000000014655e-01,-2.599999999999975664e-01,9.600000000000026290e-01,9.500000000000035083e-01,-1.000000000000000000e+00,2.500000000000011102e-01,-1.000000000000000000e+00,3.300000000000011813e-01,-7.299999999999988720e-01,-1.000000000000000000e+00,-6.599999999999979217e-01,-9.999999999999742428e-02,-1.000000000000000000e+00,-5.099999999999986766e-01,-4.999999999999977796e-01,-1.000000000000000000e+00,6.800000000000041567e-01,-2.199999999999975309e-01,-9.299999999999981615e-01,-1.000000000000000000e+00,-3.399999999999985256e-01,-3.599999999999994316e-01,9.000000000000016875e-01,-4.999999999999977796e-01,-1.000000000000000000e+00,-4.199999999999994849e-01,-7.499999999999988898e-01,-2.899999999999984812e-01,-3.199999999999985079e-01,-2.699999999999984635e-01,-1.000000000000000000e+00,6.000000000000094147e-02,-8.299999999999998490e-01,-1.000000000000000000e+00,-6.599999999999979217e-01,-1.999999999999824141e-02,1.700000000000045919e-01,-5.399999999999978151e-01,-1.000000000000000000e+00,9.900000000000026557e-01,-5.999999999999827693e-02,-6.199999999999969980e-01,-8.899999999999990141e-01,4.500000000000039524e-01
-1.000000000000000000e+00,2.000000000000028422e-01,-3.299999999999985167e-01,-1.000000000000000000e+00,-5.599999999999987210e-01,-1.999999999999975131e-01,7.000000000000183853e-02,-3.399999999999985256e-01,-5.099999999999977884e-01,-3.999999999999825917e-02,5.500000000000040412e-01,-1.099999999999974332e-01,-8.099999999999962785e-01,2.000000000000268230e-02,8.700000000000016609e-01,-2.699999999999984635e-01,-1.599999999999983658e-01,-1.000000000000000000e+00,8.300000000000034017e-01,4.400000000000012790e-01,-1.099999999999965450e-01,1.200000000000045475e-01,-8.699999999999989964e-01,6.700000000000032596e-01,-9.199999999999990408e-01,3.900000000000056755e-01,1.900000000000019451e-01,-1.000000000000000000e+00,1.600000000000028066e-01,-1.000000000000000000e+00,9.100000000000034728e-01,-1.599999999999957012e-01,1.900000000000010569e-01,8.300000000000042899e-01,7.500000000000024425e-01,-1.599999999999974776e-01,-1.000000000000000000e+00,-5.799999999999996270e-01,-8.699999999999972200e-01,5.500000000000022649e-01,6.500000000000014655e-01,-1.000000000000000000e+00,7.500000000000033307e-01,5.800000000000022915e-01,-6.099999999999996536e-01,9.700000000000026379e-01,5.500000000000031530e-01,2.900000000000020339e-01,-7.199999999999988631e-01,7.800000000000015810e-01,-1.000000000000000000e+00,-1.000000000000000000e+00,6.400000000000014566e-01,-5.099999999999986766e-01,-4.999999999999977796e-01,-1.000000000000000000e+00,6.800000000000041567e-01,-2.199999999999975309e-01,-7.699999999999989075e-01,-1.299999999999947864e-01,-1.000000000000000000e+00,-3.599999999999994316e-01,9.000000000000016875e-01,-4.999999999999977796e-01,-9.799999999999990941e-01,-4.199999999999994849e-01,7.000000000000095035e-02,-2.899999999999984812e-01,-1.000000000000000000e+00,-2.699999999999984635e-01,-5.199999999999986855e-01,3.200000000000020606e-01,-4.899999999999986589e-01,-1.000000000000000000e+00,-6.599999999999979217e-01,-5.499999999999987121e-01,1.800000000000054889e-01,-1.000000000000000000e+00,5.329070518200751394e-15,4.100000000000030287e-01,-1.000000000000000000e+00,-6.099999999999978773e-01,-8.899999999999990141e-01,-8.599999999999972111e-01
-4.699999999999995293e-01,-7.399999999999962164e-01,2.664535259100375697e-15,-8.499999999999989786e-01,-1.999999999999735323e-02,-1.999999999999975131e-01,-1.599999999999983658e-01,-1.000000000000000000e+00,-1.000000000000000000e+00,8.000000000000033751e-01,-1.000000000000000000e+00,-1.000000000000000000e+00,-1.399999999999965716e-01,2.000000000000268230e-02,8.700000000000016609e-01,-8.799999999999990052e-01,-1.000000000000000000e+00,-1.000000000000000000e+00,-3.999999999999648281e-02,-1.000000000000000000e+00,-1.000000000000000000e+00,1.200000000000045475e-01,-1.000000000000000000e+00,-1.000000000000000000e+00,-1.000000000000000000e+00,5.200000000000049027e-01,1.900000000000019451e-01,-1.000000000000000000e+00,6.900000000000023892e-01,-8.699999999999981082e-01,9.100000000000034728e-01,-1.000000000000000000e+00,1.900000000000010569e-01,4.600000000000030731e-01,7.500000000000024425e-01,-5.299999999999986944e-01,-1.000000000000000000e+00,-5.799999999999996270e-01,-8.699999999999972200e-01,4.000000000000181188e-02,6.500000000000014655e-01,-7.699999999999989075e-01,6.800000000000032685e-01,5.800000000000022915e-01,-1.000000000000000000e+00,2.500000000000011102e-01,-1.000000000000000000e+00,1.000000000000018652e-01,-7.199999999999988631e-01,9.000000000000185629e-02,-6.599999999999979217e-01,-1.000000000000000000e+00,6.400000000000014566e-01,1.500000000000027978e-01,-4.999999999999977796e-01,-1.000000000000000000e+00,-9.699999999999990852e-01,-6.699999999999979305e-01,-5.799999999999987388e-01,-6.999999999999961808e-01,-1.000000000000000000e+00,-5.499999999999987121e-01,9.000000000000016875e-01,-4.999999999999977796e-01,-9.799999999999990941e-01,-4.199999999999994849e-01,-7.499999999999988898e-01,-2.899999999999984812e-01,-2.999999999999984901e-01,-2.699999999999984635e-01,-5.199999999999986855e-01,3.200000000000020606e-01,-4.899999999999986589e-01,-4.099999999999985878e-01,-2.999999999999647393e-02,-5.499999999999987121e-01,1.700000000000045919e-01,-6.199999999999987743e-01,-8.199999999999971756e-01,5.600000000000040501e-01,-5.999999999999827693e-02,-6.099999999999978773e-01,-8.899999999999990141e-01,-8.599999999999972111e-01
-4.699999999999995293e-01,1.300000000000045564e-01,-3.299999999999985167e-01,-5.499999999999978240e-01,-5.599999999999987210e-01,-1.999999999999975131e-01,-1.599999999999983658e-01,-1.000000000000000000e+00,-1.000000000000000000e+00,-1.000000000000000000e+00,5.500000000000040412e-01,-1.099999999999974332e-01,-1.399999999999965716e-01,-1.000000000000000000e+00,-7.999999999999829470e-02,-8.799999999999990052e-01,-1.000000000000000000e+00,-1.000000000000000000e+00,8.300000000000034017e-01,-1.000000000000000000e+00,2.664535259100375697e-15,1.800000000000028244e-01,-8.699999999999989964e-01,6.700000000000032596e-01,-9.199999999999990408e-01,5.200000000000049027e-01,-6.999999999999828582e-02,-1.000000000000000000e+00,6.900000000000023892e-01,-1.000000000000000000e+00,5.900000000000023004e-01,1.200000000000054357e-01,1.900000000000010569e-01,4.600000000000030731e-01,5.700000000000022826e-01,-5.299999999999986944e-01,-1.000000000000000000e+00,-1.799999999999983835e-01,-1.000000000000000000e+00,4.000000000000181188e-02,6.500000000000014655e-01,-7.699999999999989075e-01,7.500000000000033307e-01,5.800000000000022915e-01,-1.000000000000000000e+00,2.500000000000011102e-01,-3.699999999999985523e-01,-2.999999999999825029e-02,-5.599999999999987210e-01,7.800000000000015810e-01,-1.000000000000000000e+00,-1.000000000000000000e+00,8.800000000000025580e-01,-5.099999999999986766e-01,-4.999999999999977796e-01,-7.899999999999989253e-01,6.800000000000041567e-01,-6.699999999999979305e-01,-7.699999999999989075e-01,-4.899999999999951061e-01,-8.599999999999980993e-01,-7.999999999999829470e-02,-1.000000000000000000e+00,-4.999999999999977796e-01,-1.000000000000000000e+00,3.000000000000020428e-01,7.000000000000095035e-02,-2.899999999999984812e-01,-2.999999999999984901e-01,-2.699999999999984635e-01,-6.599999999999996980e-01,3.200000000000020606e-01,-3.999999999999825917e-02,-4.099999999999985878e-01,-9.999999999994679811e-03,-5.499999999999987121e-01,1.800000000000054889e-01,-7.599999999999962341e-01,-8.199999999999971756e-01,4.100000000000030287e-01,-5.999999999999827693e-02,-6.099999999999978773e-01,-1.000000000000000000e+00,-8.599999999999972111e-01
-4.699999999999995293e-01,2.000000000000028422e-01,-3.299999999999985167e-01,-8.499999999999989786e-01,-5.599999999999987210e-01,-1.999999999999975131e-01,2.300000000000019806e-01,-1.000000000000000000e+00,2.200000000000037481e-01,6.400000000000014566e-01,5.500000000000040412e-01,-1.099999999999974332e-01,-1.399999999999965716e-01,-1.000000000000000000e+00,-7.999999999999829470e-02,-1.000000000000000000e+00,-9.699999999999981970e-01,-1.099999999999983213e-01,4.300000000000021583e-01,-2.999999999999976019e-01,-2.899999999999958167e-01,1.800000000000028244e-01,-8.699999999999989964e-01,4.300000000000039346e-01,-9.999999999999742428e-02,2.500000000000055511e-01,-6.999999999999828582e-02,-1.000000000000000000e+00,1.600000000000028066e-01,-1.000000000000000000e+00,8.000000000000095923e-02,-1.599999999999957012e-01,1.900000000000010569e-01,4.600000000000030731e-01,5.700000000000022826e-01,-5.299999999999986944e-01,-1.000000000000000000e+00,-1.000000000000000000e+00,-1.000000000000000000e+00,5.500000000000022649e-01,9.000000000000185629e-02,-7.699999999999989075e-01,5.700000000000022826e-01,5.800000000000022915e-01,-6.799999999999988276e-01,-3.199999999999985079e-01,2.600000000000028955e-01,3.300000000000011813e-01,-5.599999999999987210e-01,7.800000000000015810e-01,7.200000000000033040e-01,-1.000000000000000000e+00,8.800000000000025580e-01,-5.099999999999986766e-01,-4.999999999999977796e-01,-7.899999999999989253e-01,6.800000000000041567e-01,-2.199999999999975309e-01,-1.000000000000000000e+00,-1.299999999999947864e-01,-1.000000000000000000e+00,-3.599999999999994316e-01,9.000000000000016875e-01,-4.999999999999977796e-01,-5.299999999999986944e-01,9.000000000000185629e-02,6.300000000000023359e-01,4.700000000000030820e-01,-1.000000000000000000e+00,-2.699999999999984635e-01,-6.599999999999996980e-01,9.800000000000035350e-01,-1.000000000000000000e+00,-1.000000000000000000e+00,-6.599999999999979217e-01,1.900000000000028333e-01,1.800000000000054889e-01,-1.000000000000000000e+00,-5.199999999999977973e-01,7.000000000000015099e-01,3.800000000000030020e-01,-6.099999999999978773e-01,-1.000000000000000000e+00,-8.599999999999972111e-01
-4.699999999999995293e-01,1.300000000000045564e-01,-3.299999999999985167e-01,-2.699999999999957989e-01,-1.999999999999735323e-02,-1.999999999999975131e-01,8.200000000000016165e-01,-1.000000000000000000e+00,-5.099999999999977884e-01,-1.000000000000000000e+00,5.300000000000031353e-01,-1.000000000000000000e+00,-1.399999999999965716e-01,-2.199999999999984190e-01,4.600000000000030731e-01,-8.799999999999990052e-01,-1.000000000000000000e+00,-1.000000000000000000e+00,8.200000000000033928e-01,-1.000000000000000000e+00,-5.999999999999827693e-02,1.800000000000028244e-01,-1.000000000000000000e+00,6.700000000000032596e-01,-1.000000000000000000e+00,3.900000000000056755e-01,-6.999999999999828582e-02,-1.000000000000000000e+00,-3.999999999999968026e-01,-1.000000000000000000e+00,5.900000000000023004e-01,-1.599999999999957012e-01,1.900000000000010569e-01,4.600000000000030731e-01,8.100000000000024958e-01,-5.299999999999986944e-01,-1.000000000000000000e+00,-1.000000000000000000e+00,-8.499999999999989786e-01,9.000000000000185629e-02,6.500000000000014655e-01,-1.000000000000000000e+00,-1.000000000000000000e+00,5.800000000000022915e-01,-1.000000000000000000e+00,2.500000000000011102e-01,-1.000000000000000000e+00,6.800000000000023803e-01,-1.000000000000000000e+00,7.800000000000015810e-01,5.800000000000058442e-01,-1.000000000000000000e+00,-1.000000000000000000e+00,-5.099999999999986766e-01,-4.999999999999977796e-01,-1.000000000000000000e+00,6.800000000000041567e-01,-2.499999999999966693e-01,-9.299999999999981615e-01,-6.999999999999961808e-01,-8.599999999999980993e-01,1.776356839400250465e-15,9.000000000000016875e-01,-4.999999999999977796e-01,-1.000000000000000000e+00,-4.199999999999994849e-01,-1.000000000000000000e+00,-2.899999999999984812e-01,-2.999999999999984901e-01,-2.699999999999984635e-01,-1.000000000000000000e+00,3.200000000000020606e-01,-9.299999999999990496e-01,-4.099999999999985878e-01,-9.999999999994679811e-03,-1.999999999999824141e-02,1.700000000000045919e-01,-5.399999999999978151e-01,-3.499999999999958700e-01,7.000000000000015099e-01,-5.999999999999827693e-02,-6.099999999999978773e-01,-8.899999999999990141e-01,4.500000000000039524e-01
-4.699999999999995293e-01,-6.399999999999970157e-01,-8.699999999999981082e-01,-9.099999999999972555e-01,-6.499999999999979128e-01,1.300000000000045564e-01,1.100000000000018741e-01,-1.000000000000000000e+00,-5.099999999999977884e-01,-2.399999999999975486e-01,5.300000000000031353e-01,-1.000000000000000000e+00,-7.199999999999961986e-01,-9.799999999999973177e-01,8.700000000000016609e-01,-1.000000000000000000e+00,-1.000000000000000000e+00,-9.199999999999990408e-01,8.300000000000034017e-01,-4.699999999999986411e-01,-2.899999999999958167e-01,1.800000000000028244e-01,-8.699999999999989964e-01,6.700000000000032596e-01,-9.999999999999991118e-01,-1.000000000000000000e+00,7.900000000000015898e-01,-1.000000000000000000e+00,1.600000000000028066e-01,-8.699999999999981082e-01,9.100000000000034728e-01,-6.699999999999952660e-01,1.900000000000010569e-01,6.200000000000023270e-01,-9.999999999999120703e-03,-1.599999999999974776e-01,-1.000000000000000000e+00,-5.799999999999996270e-01,-8.699999999999972200e-01,4.000000000000181188e-02,6.500000000000014655e-01,-9.999999999999742428e-02,5.700000000000022826e-01,5.800000000000022915e-01,-6.099999999999996536e-01,2.500000000000011102e-01,-3.699999999999985523e-01,-5.599999999999987210e-01,-7.199999999999988631e-01,7.800000000000015810e-01,-1.000000000000000000e+00,-1.000000000000000000e+00,6.400000000000014566e-01,-5.099999999999986766e-01,-4.999999999999977796e-01,-1.000000000000000000e+00,6.800000000000041567e-01,-2.199999999999975309e-01,-5.799999999999987388e-01,9.200000000000070344e-01,-1.000000000000000000e+00,-5.499999999999987121e-01,9.000000000000016875e-01,-4.999999999999977796e-01,-9.699999999999990852e-01,-4.199999999999994849e-01,-9.399999999999972822e-01,-2.899999999999984812e-01,-1.000000000000000000e+00,-2.699999999999984635e-01,-8.499999999999989786e-01,3.200000000000020606e-01,-4.899999999999986589e-01,-1.000000000000000000e+00,-9.999999999994679811e-03,-1.000000000000000000e+00,1.700000000000045919e-01,-6.199999999999987743e-01,-8.199999999999971756e-01,4.100000000000030287e-01,-7.099999999999979661e-01,-6.099999999999978773e-01,-8.899999999999990141e-01,-8.599999999999972111e-01
-7.399999999999988809e-01,2.000000000000028422e-01,-6.999999999999988454e-01,-9.199999999999990408e-01,2.000000000000037303e-01,-1.999999999999975131e-01,-9.999999999998232525e-03,-1.000000000000000000e+00,-5.099999999999977884e-01,3.900000000000021227e-01,5.300000000000031353e-01,-7.399999999999988809e-01,-1.199999999999956657e-01,-9.799999999999973177e-01,8.700000000000016609e-01,-8.799999999999990052e-01,-3.199999999999985079e-01,-3.699999999999985523e-01,4.300000000000021583e-01,4.400000000000012790e-01,2.664535259100375697e-15,1.800000000000028244e-01,-1.000000000000000000e+00,6.700000000000032596e-01,-9.199999999999990408e-01,5.200000000000049027e-01,7.900000000000015898e-01,-3.999999999999985789e-01,1.600000000000028066e-01,-8.699999999999981082e-01,8.000000000000095923e-02,-7.999999999999563016e-02,1.900000000000010569e-01,6.200000000000023270e-01,-6.799999999999988276e-01,-5.299999999999986944e-01,-1.000000000000000000e+00,-5.799999999999996270e-01,-1.000000000000000000e+00,-1.000000000000000000e+00,6.500000000000014655e-01,-2.599999999999975664e-01,5.700000000000022826e-01,9.500000000000035083e-01,-1.000000000000000000e+00,2.500000000000011102e-01,-1.000000000000000000e+00,7.700000000000024603e-01,-7.199999999999988631e-01,7.800000000000015810e-01,7.200000000000033040e-01,-9.999999999999742428e-02,8.800000000000025580e-01,-5.099999999999986766e-01,-9.199999999999972644e-01,-1.000000000000000000e+00,6.800000000000041567e-01,4.000000000000358824e-02,-5.799999999999987388e-01,-6.999999999999961808e-01,-1.000000000000000000e+00,-3.599999999999994316e-01,9.000000000000016875e-01,-4.999999999999977796e-01,-1.000000000000000000e+00,-2.099999999999984102e-01,7.000000000000095035e-02,-2.899999999999984812e-01,-1.000000000000000000e+00,-2.699999999999984635e-01,-8.499999999999980904e-01,6.000000000000094147e-02,-8.299999999999998490e-01,-9.299999999999981615e-01,-6.599999999999979217e-01,2.400000000000028777e-01,1.700000000000045919e-01,-7.499999999999971134e-01,-2.999999999999976019e-01,7.000000000000015099e-01,-5.999999999999827693e-02,-1.000000000000000000e+00,-1.000000000000000000e+00,-1.599999999999965894e-01
-4.699999999999995293e-01,-6.399999999999961275e-01,-7.599999999999971223e-01,-1.299999999999974509e-01,-5.599999999999987210e-01,-1.999999999999975131e-01,-1.599999999999983658e-01,-8.399999999999989697e-01,-5.099999999999977884e-01,-1.000000000000000000e+00,5.300000000000031353e-01,-2.399999999999984368e-01,4.900000000000048761e-01,-2.199999999999984190e-01,4.600000000000030731e-01,-8.799999999999990052e-01,-1.000000000000000000e+00,-1.000000000000000000e+00,8.200000000000033928e-01,-1.000000000000000000e+00,2.300000000000055334e-01,7.300000000000042011e-01,-1.000000000000000000e+00,6.700000000000032596e-01,-1.000000000000000000e+00,3.900000000000056755e-01,1.900000000000019451e-01,-2.099999999999984102e-01,1.600000000000028066e-01,-1.000000000000000000e+00,5.900000000000023004e-01,-1.599999999999957012e-01,-5.899999999999987477e-01,4.600000000000030731e-01,8.100000000000024958e-01,-5.299999999999986944e-01,-1.000000000000000000e+00,-1.000000000000000000e+00,-8.499999999999989786e-01,9.000000000000185629e-02,-1.000000000000000000e+00,-1.000000000000000000e+00,9.600000000000026290e-01,5.800000000000022915e-01,-1.000000000000000000e+00,2.500000000000011102e-01,-1.000000000000000000e+00,3.300000000000011813e-01,-1.000000000000000000e+00,5.500000000000022649e-01,-6.599999999999979217e-01,-1.000000000000000000e+00,6.400000000000014566e-01,-5.099999999999986766e-01,-1.000000000000000000e+00,-1.000000000000000000e+00,6.800000000000041567e-01,-6.699999999999979305e-01,-1.000000000000000000e+00,-3.799999999999950084e-01,-3.399999999999985256e-01,-3.599999999999994316e-01,9.000000000000016875e-01,-4.999999999999977796e-01,-1.000000000000000000e+00,3.000000000000020428e-01,-7.499999999999988898e-01,-2.899999999999984812e-01,-2.999999999999984901e-01,1.100000000000027622e-01,-1.000000000000000000e+00,3.200000000000020606e-01,-9.299999999999990496e-01,-1.000000000000000000e+00,-4.199999999999968203e-01,-1.999999999999824141e-02,1.700000000000045919e-01,-5.399999999999978151e-01,-3.499999999999958700e-01,3.900000000000030109e-01,-5.999999999999827693e-02,-6.099999999999978773e-01,-8.899999999999990141e-01,-8.599999999999972111e-01
-7.399999999999988809e-01,2.000000000000028422e-01,-3.299999999999985167e-01,-5.499999999999978240e-01,-3.599999999999976552e-01,-1.999999999999975131e-01,8.200000000000016165e-01,-1.000000000000000000e+00,-5.099999999999977884e-01,-1.000000000000000000e+00,5.500000000000049294e-01,-1.000000000000000000e+00,-1.399999999999965716e-01,-1.000000000000000000e+00,8.700000000000016609e-01,-8.799999999999990052e-01,-4.599999999999968558e-01,-6.099999999999987654e-01,4.300000000000021583e-01,4.400000000000012790e-01,2.664535259100375697e-15,1.800000000000028244e-01,-8.699999999999989964e-01,6.700000000000032596e-01,-9.199999999999990408e-01,5.200000000000049027e-01,-6.999999999999828582e-02,-1.000000000000000000e+00,1.600000000000028066e-01,-1.000000000000000000e+00,8.000000000000095923e-02,-2.399999999999948841e-01,1.900000000000010569e-01,8.400000000000042988e-01,-1.000000000000000000e+00,-5.299999999999986944e-01,-1.000000000000000000e+00,-5.799999999999996270e-01,-8.899999999999990141e-01,-1.000000000000000000e+00,9.000000000000185629e-02,-7.699999999999989075e-01,7.500000000000033307e-01,-1.099999999999965450e-01,-1.000000000000000000e+00,9.700000000000026379e-01,-1.000000000000000000e+00,7.700000000000024603e-01,-5.599999999999987210e-01,7.800000000000015810e-01,-1.000000000000000000e+00,-1.000000000000000000e+00,8.800000000000025580e-01,-5.099999999999986766e-01,-9.199999999999972644e-01,-7.899999999999989253e-01,-1.999999999999824141e-02,-2.199999999999975309e-01,-7.699999999999989075e-01,-6.999999999999961808e-01,-1.000000000000000000e+00,-3.599999999999994316e-01,9.000000000000016875e-01,-4.999999999999977796e-01,-5.299999999999986944e-01,-2.099999999999984102e-01,7.000000000000095035e-02,-2.899999999999984812e-01,-7.799999999999989164e-01,-2.699999999999984635e-01,-2.999999999999825029e-02,6.000000000000094147e-02,-1.000000000000000000e+00,-9.299999999999981615e-01,-1.000000000000000000e+00,-5.499999999999987121e-01,1.700000000000045919e-01,-1.000000000000000000e+00,-5.199999999999977973e-01,6.900000000000041656e-01,-5.999999999999827693e-02,-6.199999999999969980e-01,-1.000000000000000000e+00,-8.599999999999972111e-01
-4.699999999999995293e-01,2.000000000000028422e-01,-3.299999999999985167e-01,-8.499999999999989786e-01,3.300000000000029576e-01,-1.999999999999975131e-01,2.300000000000019806e-01,-1.000000000000000000e+00,2.200000000000037481e-01,-1.000000000000000000e+00,5.500000000000040412e-01,-1.000000000000000000e+00,-1.399999999999965716e-01,-9.799999999999973177e-01,8.700000000000016609e-01,-1.599999999999974776e-01,-1.000000000000000000e+00,-6.899999999999988365e-01,4.300000000000021583e-01,-2.999999999999976019e-01,-2.899999999999958167e-01,1.800000000000028244e-01,-1.000000000000000000e+00,4.300000000000039346e-01,-9.999999999999742428e-02,8.500000000000060840e-01,-6.999999999999828582e-02,-1.000000000000000000e+00,1.600000000000028066e-01,-1.000000000000000000e+00,9.400000000000026112e-01,-1.599999999999957012e-01,1.900000000000010569e-01,6.200000000000023270e-01,-9.999999999999120703e-03,-5.299999999999986944e-01,-1.000000000000000000e+00,-1.000000000000000000e+00,-1.000000000000000000e+00,4.000000000000181188e-02,9.000000000000185629e-02,-7.699999999999989075e-01,-1.000000000000000000e+00,-6.999999999999739764e-02,-1.000000000000000000e+00,-3.199999999999985079e-01,2.600000000000028955e-01,3.300000000000011813e-01,-5.599999999999987210e-01,7.800000000000015810e-01,-1.199999999999965539e-01,-1.000000000000000000e+00,8.800000000000025580e-01,-5.099999999999986766e-01,-4.999999999999977796e-01,-7.899999999999989253e-01,6.800000000000041567e-01,-6.699999999999979305e-01,-1.000000000000000000e+00,-1.299999999999947864e-01,-1.000000000000000000e+00,-3.599999999999994316e-01,9.000000000000016875e-01,-4.999999999999977796e-01,-1.000000000000000000e+00,2.600000000000028955e-01,6.300000000000023359e-01,-2.899999999999984812e-01,-1.000000000000000000e+00,4.900000000000039879e-01,-6.599999999999996980e-01,6.000000000000094147e-02,-8.299999999999998490e-01,-9.299999999999981615e-01,-9.999999999999653610e-02,-5.499999999999987121e-01,1.700000000000045919e-01,-1.000000000000000000e+00,-2.999999999999976019e-01,7.000000000000015099e-01,-6.199999999999969980e-01,-6.099999999999978773e-01,-1.000000000000000000e+00,-8.599999999999972111e-01
-4.699999999999995293e-01,-5.799999999999969624e-01,-3.299999999999985167e-01,-8.499999999999989786e-01,-5.599999999999987210e-01,-4.299999999999968292e-01,-1.000000000000000000e+00,-3.399999999999985256e-01,1.900000000000037215e-01,-3.999999999999825917e-02,2.900000000000038103e-01,-1.000000000000000000e+00,-1.399999999999965716e-01,-9.799999999999973177e-01,8.700000000000016609e-01,-1.000000000000000000e+00,-1.599999999999983658e-01,-9.199999999999990408e-01,8.300000000000034017e-01,-1.000000000000000000e+00,2.664535259100375697e-15,-2.899999999999949285e-01,-8.699999999999989964e-01,6.700000000000032596e-01,-8.499999999999980904e-01,3.900000000000056755e-01,7.900000000000015898e-01,-1.000000000000000000e+00,1.600000000000028066e-01,-8.699999999999981082e-01,-8.999999999999990230e-01,-6.699999999999952660e-01,1.900000000000010569e-01,-7.999999999999740652e-02,-9.999999999999120703e-03,-5.299999999999986944e-01,-1.000000000000000000e+00,-5.799999999999996270e-01,-8.699999999999972200e-01,4.000000000000181188e-02,6.500000000000014655e-01,-7.699999999999989075e-01,5.700000000000022826e-01,5.800000000000022915e-01,-6.099999999999996536e-01,-8.999999999999741540e-02,-1.000000000000000000e+00,-5.599999999999987210e-01,-7.199999999999988631e-01,7.800000000000015810e-01,-1.000000000000000000e+00,-2.799999999999984723e-01,6.400000000000014566e-01,-5.099999999999986766e-01,-4.999999999999977796e-01,-1.000000000000000000e+00,6.800000000000041567e-01,-2.199999999999975309e-01,-5.799999999999987388e-01,-1.299999999999947864e-01,-1.000000000000000000e+00,-5.499999999999987121e-01,9.000000000000016875e-01,2.200000000000037481e-01,-9.699999999999990852e-01,-4.199999999999994849e-01,-9.999999999999982236e-01,-2.899999999999984812e-01,-2.999999999999984901e-01,-2.699999999999984635e-01,-6.299999999999978950e-01,4.600000000000021849e-01,-9.499999999999981792e-01,-1.000000000000000000e+00,-6.599999999999979217e-01,3.900000000000030109e-01,2.300000000000055334e-01,-5.399999999999978151e-01,-8.199999999999971756e-01,-1.299999999999983391e-01,-7.099999999999979661e-01,-6.099999999999978773e-01,-1.000000000000000000e+00,-8.599999999999972111e-01
-7.399999999999988809e-01,2.000000000000028422e-01,-3.299999999999985167e-01,-1.000000000000000000e+00,-5.599999999999987210e-01,-1.999999999999975131e-01,2.300000000000019806e-01,-1.000000000000000000e+00,2.200000000000037481e-01,6.400000000000014566e-01,5.500000000000040412e-01,-2.999999999999825029e-02,-1.399999999999965716e-01,-1.000000000000000000e+00,9.600000000000026290e-01,-1.599999999999974776e-01,-1.000000000000000000e+00,-1.000000000000000000e+00,4.300000000000021583e-01,-2.999999999999976019e-01,-2.899999999999958167e-01,1.800000000000028244e-01,-8.699999999999989964e-01,4.300000000000039346e-01,-9.999999999999742428e-02,5.200000000000049027e-01,-6.999999999999828582e-02,-1.000000000000000000e+00,1.600000000000028066e-01,-1.000000000000000000e+00,8.000000000000095923e-02,7.000000000000539124e-02,1.900000000000010569e-01,4.600000000000030731e-01,5.700000000000022826e-01,-5.299999999999986944e-01,-1.000000000000000000e+00,-1.000000000000000000e+00,-1.000000000000000000e+00,-1.000000000000000000e+00,6.500000000000014655e-01,-7.699999999999989075e-01,5.700000000000022826e-01,-6.999999999999739764e-02,-1.000000000000000000e+00,2.500000000000011102e-01,2.600000000000028955e-01,-1.000000000000000000e+00,-5.599999999999987210e-01,7.800000000000015810e-01,7.200000000000033040e-01,-1.000000000000000000e+00,8.800000000000025580e-01,-5.099999999999986766e-01,-4.999999999999977796e-01,-7.899999999999989253e-01,-1.000000000000000000e+00,-2.199999999999975309e-01,-6.699999999999979305e-01,-6.999999999999961808e-01,-1.000000000000000000e+00,-3.599999999999994316e-01,9.000000000000016875e-01,-4.999999999999977796e-01,-1.000000000000000000e+00,-4.399999999999977263e-01,7.000000000000095035e-02,4.700000000000030820e-01,-1.000000000000000000e+00,-2.699999999999984635e-01,-6.599999999999996980e-01,6.000000000000094147e-02,-1.000000000000000000e+00,-1.000000000000000000e+00,-6.599999999999979217e-01,-5.499999999999987121e-01,1.700000000000045919e-01,-1.000000000000000000e+00,-2.999999999999976019e-01,7.000000000000015099e-01,3.800000000000030020e-01,-6.099999999999978773e-01,-1.000000000000000000e+00,-8.599999999999972111e-01
-4.699999999999995293e-01,2.000000000000028422e-01,-1.599999999999974776e-01,-9.099999999999972555e-01,-5.599999999999987210e-01,-1.999999999999975131e-01,8.200000000000016165e-01,-1.000000000000000000e+00,2.200000000000037481e-01,-1.000000000000000000e+00,5.300000000000031353e-01,-2.999999999999825029e-02,-1.399999999999965716e-01,-2.199999999999984190e-01,4.600000000000030731e-01,-1.599999999999974776e-01,-1.000000000000000000e+00,-1.000000000000000000e+00,4.300000000000021583e-01,-3.999999999999825917e-02,-2.899999999999958167e-01,1.800000000000028244e-01,-8.699999999999989964e-01,6.700000000000032596e-01,-9.199999999999990408e-01,3.900000000000056755e-01,-6.999999999999828582e-02,-1.000000000000000000e+00,1.600000000000028066e-01,-8.699999999999981082e-01,8.000000000000095923e-02,-1.599999999999957012e-01,9.000000000000025757e-01,6.200000000000023270e-01,5.700000000000022826e-01,-5.299999999999986944e-01,-1.000000000000000000e+00,-1.000000000000000000e+00,-1.000000000000000000e+00,9.000000000000185629e-02,9.000000000000185629e-02,-1.000000000000000000e+00,9.600000000000026290e-01,1.000000000000027534e-01,-1.000000000000000000e+00,-3.199999999999985079e-01,2.600000000000028955e-01,3.300000000000011813e-01,-5.599999999999987210e-01,7.800000000000015810e-01,2.300000000000037570e-01,-1.000000000000000000e+00,8.800000000000025580e-01,-5.099999999999986766e-01,-1.000000000000000000e+00,-1.000000000000000000e+00,6.800000000000041567e-01,-6.699999999999979305e-01,-9.299999999999981615e-01,-1.299999999999947864e-01,-8.599999999999980993e-01,5.500000000000022649e-01,9.000000000000016875e-01,-4.999999999999977796e-01,-1.000000000000000000e+00,-4.199999999999994849e-01,6.300000000000023359e-01,-1.000000000000000000e+00,-1.000000000000000000e+00,-2.499999999999975575e-01,-6.599999999999996980e-01,2.100000000000019629e-01,-9.299999999999990496e-01,-1.000000000000000000e+00,-6.599999999999979217e-01,-1.999999999999824141e-02,1.700000000000045919e-01,-5.399999999999978151e-01,-3.499999999999958700e-01,7.000000000000015099e-01,3.800000000000030020e-01,-6.099999999999978773e-01,-8.899999999999990141e-01,-1.000000000000000000e+00
-1.000000000000000000e+00,1.300000000000045564e-01,-8.499999999999980904e-01,-8.499999999999989786e-01,-5.599999999999987210e-01,-1.999999999999975131e-01,-1.599999999999983658e-01,-1.000000000000000000e+00,-5.099999999999977884e-01,-1.000000000000000000e+00,6.300000000000041123e-01,-1.000000000000000000e+00,-1.399999999999965716e-01,-9.799999999999973177e-01,-1.000000000000000000e+00,-8.799999999999990052e-01,-1.000000000000000000e+00,-9.199999999999990408e-01,-1.000000000000000000e+00,-1.000000000000000000e+00,-1.000000000000000000e+00,1.800000000000028244e-01,-8.699999999999989964e-01,6.700000000000032596e-01,-9.199999999999990408e-01,5.200000000000049027e-01,-6.999999999999828582e-02,-1.000000000000000000e+00,6.900000000000023892e-01,-7.699999999999971312e-01,5.900000000000023004e-01,-1.599999999999957012e-01,1.900000000000010569e-01,6.200000000000023270e-01,5.700000000000022826e-01,-5.299999999999986944e-01,-1.000000000000000000e+00,-1.000000000000000000e+00,-1.000000000000000000e+00,4.000000000000181188e-02,6.500000000000014655e-01,-9.999999999999742428e-02,5.700000000000022826e-01,5.800000000000022915e-01,-6.099999999999996536e-01,4.000000000000021316e-01,-3.699999999999985523e-01,3.300000000000011813e-01,-7.199999999999988631e-01,7.800000000000015810e-01,-6.599999999999979217e-01,-1.000000000000000000e+00,6.400000000000014566e-01,-6.299999999999978950e-01,2.300000000000037570e-01,-1.000000000000000000e+00,6.800000000000041567e-01,3.552713678800500929e-15,-1.000000000000000000e+00,9.000000000000540901e-02,-8.399999999999971934e-01,1.776356839400250465e-15,9.000000000000016875e-01,2.200000000000037481e-01,-1.000000000000000000e+00,-4.199999999999994849e-01,-1.000000000000000000e+00,-2.899999999999984812e-01,-1.000000000000000000e+00,-2.699999999999984635e-01,-6.599999999999996980e-01,4.600000000000021849e-01,-3.999999999999825917e-02,-1.000000000000000000e+00,-9.999999999994679811e-03,-5.499999999999987121e-01,1.700000000000045919e-01,-5.399999999999978151e-01,-8.199999999999971756e-01,4.100000000000030287e-01,1.000000000000036415e-01,-6.099999999999978773e-01,-8.899999999999990141e-01,-8.599999999999972111e-01
-7.399999999999988809e-01,1.300000000000045564e-01,1.700000000000028155e-01,-8.499999999999989786e-01,-1.999999999999735323e-02,-1.499999999999974687e-01,-1.599999999999983658e-01,-1.000000000000000000e+00,-4.199999999999968203e-01,-1.000000000000000000e+00,6.300000000000041123e-01,-1.000000000000000000e+00,-1.399999999999965716e-01,-2.199999999999984190e-01,4.600000000000030731e-01,-8.799999999999990052e-01,-1.000000000000000000e+00,-1.000000000000000000e+00,9.900000000000044320e-01,-6.599999999999961453e-01,-2.899999999999984812e-01,1.800000000000028244e-01,-4.999999999999986677e-01,6.700000000000032596e-01,-9.199999999999990408e-01,9.100000000000061373e-01,-1.000000000000000000e+00,-1.000000000000000000e+00,-1.000000000000000000e+00,-8.699999999999981082e-01,5.900000000000023004e-01,-1.599999999999957012e-01,1.900000000000010569e-01,6.200000000000023270e-01,-6.799999999999988276e-01,-5.299999999999986944e-01,-1.000000000000000000e+00,-1.000000000000000000e+00,-8.699999999999972200e-01,-8.699999999999989964e-01,6.500000000000014655e-01,-7.699999999999989075e-01,9.600000000000026290e-01,9.500000000000035083e-01,-1.000000000000000000e+00,2.500000000000011102e-01,-1.000000000000000000e+00,3.300000000000011813e-01,-1.000000000000000000e+00,8.100000000000024958e-01,-6.599999999999979217e-01,-1.000000000000000000e+00,-1.000000000000000000e+00,-5.099999999999986766e-01,-4.999999999999977796e-01,-7.899999999999989253e-01,6.800000000000041567e-01,-7.999999999999971578e-01,-9.299999999999981615e-01,-6.999999999999961808e-01,-3.399999999999985256e-01,1.776356839400250465e-15,9.000000000000016875e-01,-4.999999999999977796e-01,-1.000000000000000000e+00,-4.199999999999994849e-01,-7.499999999999988898e-01,-2.899999999999984812e-01,-1.000000000000000000e+00,-2.699999999999984635e-01,-6.599999999999996980e-01,3.200000000000020606e-01,-9.299999999999990496e-01,-1.000000000000000000e+00,-6.599999999999979217e-01,-1.099999999999929923e-01,1.700000000000045919e-01,-5.399999999999978151e-01,-8.199999999999971756e-01,2.800000000000038014e-01,-5.999999999999827693e-02,-6.099999999999978773e-01,-8.899999999999990141e-01,4.500000000000039524e-01
-1.000000000000000000e+00,-1.000000000000000000e+00,-2.799999999999975842e-01,-1.000000000000000000e+00,-5.599999999999987210e-01,-1.999999999999975131e-01,8.200000000000016165e-01,-1.000000000000000000e+00,-5.099999999999977884e-01,6.400000000000014566e-01,5.500000000000049294e-01,-1.099999999999974332e-01,-1.399999999999965716e-01,-9.799999999999973177e-01,8.700000000000016609e-01,-8.799999999999990052e-01,-6.799999999999988276e-01,-1.000000000000000000e+00,4.300000000000021583e-01,4.400000000000012790e-01,2.664535259100375697e-15,1.800000000000028244e-01,-8.699999999999989964e-01,6.700000000000032596e-01,-9.199999999999990408e-01,-4.399999999999950617e-01,7.900000000000015898e-01,-1.000000000000000000e+00,1.600000000000028066e-01,-1.000000000000000000e+00,8.000000000000095923e-02,-7.799999999999953637e-01,1.900000000000010569e-01,4.600000000000030731e-01,-1.000000000000000000e+00,-5.299999999999986944e-01,-1.000000000000000000e+00,-5.799999999999996270e-01,-1.000000000000000000e+00,-1.000000000000000000e+00,9.000000000000185629e-02,-7.699999999999989075e-01,7.500000000000033307e-01,5.800000000000022915e-01,-1.000000000000000000e+00,9.700000000000026379e-01,-3.699999999999985523e-01,3.300000000000011813e-01,-5.599999999999987210e-01,7.800000000000015810e-01,7.200000000000033040e-01,-1.000000000000000000e+00,8.800000000000025580e-01,-5.099999999999986766e-01,-9.199999999999972644e-01,-1.000000000000000000e+00,-1.999999999999824141e-02,-2.199999999999975309e-01,-6.699999999999979305e-01,-6.999999999999961808e-01,-1.000000000000000000e+00,-3.599999999999994316e-01,9.000000000000016875e-01,-4.999999999999977796e-01,-5.299999999999986944e-01,-2.099999999999984102e-01,-4.199999999999985967e-01,-2.899999999999984812e-01,-1.000000000000000000e+00,-2.699999999999984635e-01,-2.999999999999825029e-02,3.200000000000020606e-01,-1.000000000000000000e+00,-1.000000000000000000e+00,-6.599999999999979217e-01,-5.499999999999987121e-01,1.800000000000054889e-01,-1.000000000000000000e+00,-5.199999999999977973e-01,4.100000000000030287e-01,-5.999999999999827693e-02,-6.099999999999978773e-01,-1.899999999999983924e-01,-8.599999999999972111e-01
-1.000000000000000000e+00,2.000000000000028422e-01,1.200000000000027711e-01,-8.499999999999989786e-01,-5.599999999999987210e-01,-1.999999999999975131e-01,8.200000000000016165e-01,-1.000000000000000000e+00,-5.099999999999977884e-01,6.400000000000014566e-01,5.500000000000040412e-01,-1.899999999999975042e-01,-1.399999999999965716e-01,-1.000000000000000000e+00,4.900000000000030997e-01,-5.899999999999969713e-01,-9.699999999999981970e-01,-1.000000000000000000e+00,4.300000000000021583e-01,4.400000000000012790e-01,-2.899999999999958167e-01,1.800000000000028244e-01,-8.699999999999989964e-01,6.700000000000032596e-01,-9.899999999999982148e-01,5.200000000000049027e-01,-6.999999999999828582e-02,-1.000000000000000000e+00,1.600000000000028066e-01,-1.000000000000000000e+00,8.000000000000095923e-02,-7.999999999999474198e-02,1.900000000000010569e-01,4.600000000000030731e-01,5.700000000000022826e-01,-5.299999999999986944e-01,-1.000000000000000000e+00,-1.000000000000000000e+00,-1.000000000000000000e+00,5.500000000000022649e-01,9.000000000000185629e-02,-7.699999999999989075e-01,7.500000000000033307e-01,5.800000000000022915e-01,-1.000000000000000000e+00,9.700000000000026379e-01,2.600000000000028955e-01,3.300000000000011813e-01,-5.599999999999987210e-01,7.800000000000015810e-01,-1.000000000000000000e+00,-1.000000000000000000e+00,8.800000000000025580e-01,-5.099999999999986766e-01,-4.999999999999977796e-01,-7.899999999999989253e-01,6.800000000000041567e-01,-2.199999999999975309e-01,-7.699999999999989075e-01,-1.299999999999947864e-01,-1.000000000000000000e+00,-3.599999999999994316e-01,9.000000000000016875e-01,-4.999999999999977796e-01,-5.299999999999986944e-01,-4.199999999999994849e-01,7.000000000000095035e-02,4.700000000000030820e-01,-1.000000000000000000e+00,-2.699999999999984635e-01,8.900000000000034550e-01,3.200000000000020606e-01,-1.000000000000000000e+00,-1.000000000000000000e+00,-9.999999999999653610e-02,-5.499999999999987121e-01,1.800000000000054889e-01,-5.399999999999978151e-01,-8.199999999999971756e-01,7.000000000000015099e-01,-5.999999999999827693e-02,-6.099999999999978773e-01,-1.000000000000000000e+00,-8.599999999999972111e-01
-4.699999999999995293e-01,2.000000000000028422e-01,-3.299999999999985167e-01,-8.499999999999989786e-01,-5.599999999999987210e-01,-3.799999999999958966e-01,-1.000000000000000000e+00,-3.399999999999985256e-01,4.440892098500626162e-15,-3.999999999999825917e-02,5.500000000000040412e-01,-2.999999999999825029e-02,-1.399999999999965716e-01,-1.000000000000000000e+00,8.700000000000016609e-01,-1.599999999999974776e-01,-1.000000000000000000e+00,-1.000000000000000000e+00,8.300000000000034017e-01,-2.999999999999976019e-01,2.664535259100375697e-15,1.800000000000028244e-01,-1.000000000000000000e+00,4.300000000000039346e-01,-1.000000000000000000e+00,5.200000000000049027e-01,-6.999999999999828582e-02,-1.000000000000000000e+00,1.600000000000028066e-01,-8.699999999999981082e-01,8.000000000000095923e-02,-1.399999999999947953e-01,1.900000000000010569e-01,4.600000000000030731e-01,5.700000000000022826e-01,-5.299999999999986944e-01,-1.000000000000000000e+00,-1.000000000000000000e+00,-9.999999999995567990e-03,4.000000000000181188e-02,9.000000000000185629e-02,-7.699999999999989075e-01,5.700000000000022826e-01,5.800000000000022915e-01,-4.699999999999986411e-01,2.500000000000011102e-01,2.600000000000028955e-01,3.300000000000011813e-01,-5.599999999999987210e-01,-8.299999999999980727e-01,-6.599999999999979217e-01,-1.000000000000000000e+00,3.500000000000029754e-01,-5.099999999999986766e-01,-4.999999999999977796e-01,-7.899999999999989253e-01,-1.000000000000000000e+00,-6.699999999999979305e-01,-5.799999999999987388e-01,-1.299999999999947864e-01,-8.599999999999980993e-01,-3.599999999999994316e-01,7.500000000000024425e-01,-4.999999999999977796e-01,-9.799999999999990941e-01,-4.199999999999994849e-01,6.300000000000023359e-01,2.300000000000028688e-01,-2.999999999999984901e-01,4.500000000000030642e-01,-5.199999999999986855e-01,3.200000000000020606e-01,-1.000000000000000000e+00,-1.000000000000000000e+00,-6.599999999999979217e-01,-5.499999999999987121e-01,2.300000000000055334e-01,-5.399999999999978151e-01,5.329070518200751394e-15,-1.299999999999983391e-01,3.800000000000030020e-01,-1.000000000000000000e+00,-8.899999999999990141e-01,-8.599999999999972111e-01
3.500000000000020872e-01,2.000000000000028422e-01,-3.299999999999985167e-01,-8.499999999999989786e-01,-5.599999999999987210e-01,-1.999999999999975131e-01,-1.599999999999983658e-01,-1.000000000000000000e+00,-5.099999999999977884e-01,-1.000000000000000000e+00,6.300000000000041123e-01,-1.000000000000000000e+00,-1.399999999999965716e-01,-1.000000000000000000e+00,8.700000000000016609e-01,-8.799999999999990052e-01,-1.000000000000000000e+00,-9.199999999999990408e-01,8.300000000000034017e-01,4.400000000000012790e-01,-1.000000000000000000e+00,1.800000000000028244e-01,-8.699999999999989964e-01,6.700000000000032596e-01,-8.499999999999980904e-01,5.200000000000049027e-01,-6.999999999999828582e-02,-1.000000000000000000e+00,6.900000000000023892e-01,-8.699999999999981082e-01,5.900000000000023004e-01,-6.699999999999952660e-01,1.900000000000010569e-01,6.200000000000023270e-01,5.700000000000022826e-01,-5.299999999999986944e-01,-1.000000000000000000e+00,-1.000000000000000000e+00,-1.000000000000000000e+00,-1.000000000000000000e+00,6.500000000000014655e-01,-7.699999999999971312e-01,6.800000000000032685e-01,5.800000000000022915e-01,-6.099999999999996536e-01,2.500000000000011102e-01,-3.699999999999985523e-01,-5.599999999999987210e-01,-5.599999999999987210e-01,7.800000000000015810e-01,-6.599999999999979217e-01,-1.000000000000000000e+00,6.400000000000014566e-01,3.900000000000030109e-01,-4.999999999999977796e-01,-7.899999999999989253e-01,-1.599999999999957012e-01,-6.699999999999979305e-01,-1.000000000000000000e+00,9.000000000000540901e-02,-8.399999999999971934e-01,1.776356839400250465e-15,9.000000000000016875e-01,2.200000000000037481e-01,-9.699999999999990852e-01,-4.199999999999994849e-01,-7.499999999999988898e-01,4.700000000000030820e-01,-2.999999999999984901e-01,-2.699999999999984635e-01,-6.599999999999996980e-01,3.200000000000020606e-01,-3.999999999999825917e-02,-1.000000000000000000e+00,-9.999999999994679811e-03,-5.499999999999987121e-01,-4.399999999999950617e-01,-5.399999999999978151e-01,-8.199999999999971756e-01,4.500000000000039524e-01,-5.999999999999827693e-02,-6.099999999999978773e-01,-1.000000000000000000e+00,-8.599999999999972111e-01
-4.699999999999995293e-01,2.000000000000028422e-01,-3.299999999999985167e-01,-8.499999999999989786e-01,-1.999999999999735323e-02,-5.799999999999987388e-01,-1.599999999999983658e-01,-3.999999999999825917e-02,-5.099999999999977884e-01,2.600000000000020073e-01,6.300000000000041123e-01,-1.000000000000000000e+00,-1.399999999999965716e-01,-1.000000000000000000e+00,8.700000000000016609e-01,-8.799999999999990052e-01,-1.000000000000000000e+00,-9.199999999999990408e-01,6.700000000000041478e-01,-1.000000000000000000e+00,-2.899999999999958167e-01,1.800000000000028244e-01,-1.000000000000000000e+00,1.400000000000036771e-01,-8.499999999999980904e-01,5.200000000000049027e-01,7.900000000000015898e-01,-1.000000000000000000e+00,1.600000000000028066e-01,-8.699999999999981082e-01,-8.999999999999990230e-01,-1.599999999999957012e-01,-3.099999999999984990e-01,6.200000000000023270e-01,-9.999999999999120703e-03,-5.299999999999986944e-01,-1.000000000000000000e+00,-1.799999999999983835e-01,-8.699999999999972200e-01,4.000000000000181188e-02,6.500000000000014655e-01,-7.699999999999989075e-01,1.500000000000036859e-01,5.800000000000022915e-01,-1.000000000000000000e+00,2.500000000000011102e-01,-1.000000000000000000e+00,3.300000000000011813e-01,-7.199999999999988631e-01,7.800000000000015810e-01,-1.000000000000000000e+00,-1.000000000000000000e+00,6.400000000000014566e-01,-5.099999999999986766e-01,-4.999999999999977796e-01,-7.899999999999989253e-01,6.800000000000041567e-01,-2.199999999999975309e-01,-1.000000000000000000e+00,-6.999999999999961808e-01,-8.399999999999971934e-01,1.776356839400250465e-15,9.000000000000016875e-01,2.200000000000037481e-01,-1.000000000000000000e+00,-4.199999999999994849e-01,-9.999999999999982236e-01,4.700000000000030820e-01,-1.000000000000000000e+00,-2.699999999999984635e-01,-6.599999999999996980e-01,4.600000000000021849e-01,-7.499999999999980016e-01,-4.099999999999985878e-01,-9.999999999994679811e-03,-4.999999999999382716e-02,1.700000000000045919e-01,-7.599999999999962341e-01,-8.199999999999971756e-01,4.100000000000030287e-01,-7.099999999999979661e-01,-9.799999999999973177e-01,-8.899999999999990141e-01,-8.599999999999972111e-01
-7.399999999999988809e-01,2.000000000000028422e-01,-3.299999999999985167e-01,-1.000000000000000000e+00,2.800000000000029132e-01,-1.999999999999975131e-01,8.200000000000016165e-01,-6.699999999999988187e-01,-5.099999999999977884e-01,6.400000000000014566e-01,5.500000000000040412e-01,-1.000000000000000000e+00,-1.199999999999956657e-01,-1.000000000000000000e+00,-7.999999999999829470e-02,-8.799999999999990052e-01,-6.799999999999988276e-01,-1.000000000000000000e+00,4.300000000000021583e-01,7.500000000000024425e-01,2.664535259100375697e-15,1.800000000000028244e-01,-8.699999999999989964e-01,6.700000000000032596e-01,-9.199999999999990408e-01,5.200000000000049027e-01,7.900000000000015898e-01,-1.000000000000000000e+00,1.600000000000028066e-01,-1.000000000000000000e+00,-2.499999999999984457e-01,-2.999999999999469757e-02,1.900000000000010569e-01,4.600000000000030731e-01,-1.000000000000000000e+00,-6.199999999999978861e-01,-1.000000000000000000e+00,-5.799999999999996270e-01,-1.000000000000000000e+00,2.900000000000029221e-01,6.500000000000014655e-01,-7.699999999999989075e-01,-1.000000000000000000e+00,-6.999999999999739764e-02,-1.000000000000000000e+00,2.500000000000011102e-01,-3.699999999999985523e-01,3.300000000000011813e-01,-7.199999999999988631e-01,7.800000000000015810e-01,7.200000000000033040e-01,-1.000000000000000000e+00,8.800000000000025580e-01,-8.599999999999980993e-01,-9.199999999999972644e-01,-1.000000000000000000e+00,6.800000000000041567e-01,-1.000000000000000000e+00,-6.699999999999979305e-01,-6.999999999999961808e-01,-1.000000000000000000e+00,-3.599999999999994316e-01,9.000000000000016875e-01,-4.999999999999977796e-01,-5.299999999999986944e-01,-4.199999999999994849e-01,7.000000000000095035e-02,1.900000000000028333e-01,-1.000000000000000000e+00,1.700000000000028155e-01,-2.999999999999825029e-02,6.000000000000094147e-02,-1.000000000000000000e+00,-9.299999999999981615e-01,-6.599999999999979217e-01,-5.499999999999987121e-01,1.700000000000045919e-01,-1.000000000000000000e+00,-8.999999999999652722e-02,7.000000000000015099e-01,-5.999999999999827693e-02,-6.099999999999978773e-01,-1.000000000000000000e+00,-1.000000000000000000e+00
-4.699999999999995293e-01,-2.599999999999966782e-01,-3.299999999999985167e-01,-9.199999999999990408e-01,-1.999999999999735323e-02,-1.499999999999974687e-01,-1.599999999999983658e-01,-1.000000000000000000e+00,-5.099999999999977884e-01,3.900000000000021227e-01,6.300000000000041123e-01,-7.399999999999988809e-01,-1.199999999999956657e-01,-1.000000000000000000e+00,8.700000000000016609e-01,-8.799999999999990052e-01,-1.000000000000000000e+00,-3.699999999999985523e-01,1.000000000000356160e-02,-1.000000000000000000e+00,-1.000000000000000000e+00,1.800000000000028244e-01,-1.000000000000000000e+00,6.700000000000032596e-01,-8.499999999999980904e-01,5.200000000000049027e-01,-6.999999999999828582e-02,-3.399999999999985256e-01,1.600000000000028066e-01,-1.000000000000000000e+00,8.000000000000095923e-02,5.000000000000537348e-02,1.900000000000010569e-01,4.600000000000030731e-01,-6.799999999999988276e-01,-1.000000000000000000e+00,-1.000000000000000000e+00,-1.799999999999983835e-01,-8.699999999999972200e-01,4.000000000000181188e-02,8.200000000000025047e-01,-2.599999999999975664e-01,6.800000000000032685e-01,9.500000000000035083e-01,-1.000000000000000000e+00,2.500000000000011102e-01,-1.000000000000000000e+00,3.300000000000011813e-01,-5.599999999999987210e-01,7.800000000000015810e-01,-6.599999999999979217e-01,-9.999999999999742428e-02,8.800000000000025580e-01,-3.399999999999976374e-01,-4.999999999999977796e-01,-7.899999999999989253e-01,6.800000000000041567e-01,-2.199999999999975309e-01,-1.000000000000000000e+00,-1.000000000000000000e+00,-8.599999999999980993e-01,-3.599999999999994316e-01,7.500000000000024425e-01,-4.999999999999977796e-01,-1.000000000000000000e+00,-4.199999999999994849e-01,-7.499999999999988898e-01,-2.899999999999984812e-01,-3.299999999999985167e-01,-2.699999999999984635e-01,-6.599999999999996980e-01,6.000000000000094147e-02,-8.299999999999998490e-01,-1.000000000000000000e+00,-9.999999999994679811e-03,-1.000000000000000000e+00,1.700000000000045919e-01,-7.599999999999962341e-01,-8.199999999999971756e-01,4.100000000000030287e-01,-5.999999999999827693e-02,-6.199999999999969980e-01,-8.899999999999990141e-01,-8.599999999999972111e-01
-1.000000000000000000e+00,-7.699999999999962430e-01,-1.000000000000000000e+00,-8.499999999999989786e-01,4.000000000000270006e-02,-4.299999999999968292e-01,-9.999999999998232525e-03,-1.000000000000000000e+00,-5.099999999999977884e-01,3.900000000000021227e-01,5.300000000000031353e-01,-7.399999999999988809e-01,-7.199999999999961986e-01,2.000000000000268230e-02,8.700000000000016609e-01,-8.799999999999990052e-01,-1.599999999999983658e-01,-3.699999999999985523e-01,9.900000000000044320e-01,-1.000000000000000000e+00,2.664535259100375697e-15,1.800000000000028244e-01,-1.000000000000000000e+00,6.700000000000032596e-01,-1.000000000000000000e+00,3.900000000000056755e-01,9.200000000000034817e-01,-1.000000000000000000e+00,1.600000000000028066e-01,-8.699999999999981082e-01,-1.000000000000000000e+00,-1.000000000000000000e+00,-3.999999999999825917e-02,4.600000000000030731e-01,7.500000000000024425e-01,-5.299999999999986944e-01,-1.000000000000000000e+00,-5.799999999999996270e-01,-8.699999999999972200e-01,-1.000000000000000000e+00,6.500000000000014655e-01,-7.699999999999989075e-01,5.700000000000022826e-01,9.500000000000035083e-01,-6.099999999999996536e-01,-5.899999999999987477e-01,-1.000000000000000000e+00,1.000000000000018652e-01,-7.299999999999988720e-01,9.000000000000185629e-02,-6.599999999999979217e-01,-6.899999999999970601e-01,8.800000000000025580e-01,-5.099999999999986766e-01,-4.999999999999977796e-01,-1.000000000000000000e+00,-9.699999999999990852e-01,-2.199999999999975309e-01,-5.799999999999987388e-01,-6.999999999999961808e-01,-8.599999999999980993e-01,-3.599999999999994316e-01,-1.000000000000000000e+00,-4.999999999999977796e-01,-1.000000000000000000e+00,-4.199999999999994849e-01,-7.499999999999988898e-01,-2.899999999999984812e-01,-2.999999999999984901e-01,-2.699999999999984635e-01,-3.199999999999985079e-01,3.200000000000020606e-01,-4.899999999999986589e-01,-1.000000000000000000e+00,-6.599999999999979217e-01,-5.499999999999987121e-01,2.300000000000055334e-01,-5.399999999999978151e-01,-6.899999999999970601e-01,7.000000000000015099e-01,-5.999999999999827693e-02,-6.199999999999969980e-01,-8.899999999999990141e-01,-1.599999999999965894e-01
-7.399999999999988809e-01,2.000000000000028422e-01,-3.299999999999985167e-01,-9.199999999999990408e-01,7.400000000000042100e-01,-1.499999999999974687e-01,8.200000000000016165e-01,-1.000000000000000000e+00,-5.099999999999977884e-01,3.900000000000021227e-01,5.300000000000031353e-01,-1.000000000000000000e+00,-1.199999999999956657e-01,-9.799999999999973177e-01,8.700000000000016609e-01,-8.799999999999990052e-01,-1.000000000000000000e+00,-3.699999999999985523e-01,9.900000000000044320e-01,4.400000000000012790e-01,2.664535259100375697e-15,1.800000000000028244e-01,-1.000000000000000000e+00,6.700000000000032596e-01,-1.000000000000000000e+00,5.200000000000049027e-01,7.900000000000015898e-01,-1.000000000000000000e+00,1.600000000000028066e-01,-8.699999999999981082e-01,8.000000000000095923e-02,5.000000000000537348e-02,1.900000000000010569e-01,4.600000000000030731e-01,-1.000000000000000000e+00,-5.299999999999986944e-01,-1.000000000000000000e+00,-5.799999999999996270e-01,-1.000000000000000000e+00,-1.000000000000000000e+00,6.500000000000014655e-01,-7.699999999999989075e-01,5.700000000000022826e-01,9.500000000000035083e-01,-1.000000000000000000e+00,2.500000000000011102e-01,-1.000000000000000000e+00,3.300000000000011813e-01,-7.199999999999988631e-01,7.800000000000015810e-01,7.200000000000033040e-01,-1.000000000000000000e+00,8.800000000000025580e-01,-5.099999999999986766e-01,-9.199999999999972644e-01,-1.000000000000000000e+00,6.800000000000041567e-01,-1.399999999999965716e-01,-5.799999999999987388e-01,-6.999999999999961808e-01,-8.599999999999980993e-01,-3.599999999999994316e-01,9.000000000000016875e-01,-4.999999999999977796e-01,-1.000000000000000000e+00,-4.199999999999994849e-01,7.000000000000095035e-02,-2.899999999999984812e-01,-1.000000000000000000e+00,-2.699999999999984635e-01,-3.199999999999985079e-01,6.000000000000094147e-02,-8.299999999999998490e-01,-9.299999999999981615e-01,-6.599999999999979217e-01,-1.000000000000000000e+00,1.700000000000045919e-01,-1.000000000000000000e+00,-2.999999999999976019e-01,7.000000000000015099e-01,-5.999999999999827693e-02,-6.099999999999978773e-01,-6.399999999999987921e-01,-8.599999999999972111e-01
-4.699999999999995293e-01,2.000000000000028422e-01,-3.299999999999985167e-01,-1.499999999999974687e-01,-5.599999999999987210e-01,-1.999999999999975131e-01,8.200000000000016165e-01,-8.999999999999990230e-01,4.440892098500626162e-15,3.800000000000030020e-01,5.300000000000031353e-01,-2.999999999999825029e-02,-1.399999999999965716e-01,-1.000000000000000000e+00,8.700000000000016609e-01,-1.599999999999974776e-01,-1.000000000000000000e+00,-1.000000000000000000e+00,8.300000000000034017e-01,-1.000000000000000000e+00,-2.899999999999958167e-01,1.200000000000045475e-01,-8.699999999999989964e-01,4.300000000000039346e-01,-9.999999999999742428e-02,3.900000000000056755e-01,-6.999999999999828582e-02,-1.000000000000000000e+00,1.600000000000028066e-01,-8.699999999999981082e-01,2.700000000000037925e-01,-1.599999999999957012e-01,1.900000000000010569e-01,-7.999999999999740652e-02,7.500000000000024425e-01,-5.299999999999986944e-01,-1.000000000000000000e+00,-1.000000000000000000e+00,-1.000000000000000000e+00,4.000000000000181188e-02,6.500000000000014655e-01,-7.699999999999989075e-01,5.700000000000022826e-01,5.800000000000022915e-01,-6.099999999999996536e-01,-3.199999999999985079e-01,-1.000000000000000000e+00,1.000000000000018652e-01,-5.599999999999987210e-01,9.000000000000185629e-02,-6.599999999999979217e-01,-1.000000000000000000e+00,6.400000000000014566e-01,-5.099999999999986766e-01,-4.999999999999977796e-01,-7.899999999999989253e-01,-9.699999999999990852e-01,-2.199999999999975309e-01,-5.799999999999987388e-01,1.500000000000063505e-01,-8.599999999999980993e-01,-1.000000000000000000e+00,9.000000000000016875e-01,-4.999999999999977796e-01,-9.799999999999990941e-01,-4.199999999999994849e-01,6.300000000000023359e-01,-2.899999999999975930e-01,-2.999999999999984901e-01,4.500000000000030642e-01,-5.199999999999986855e-01,3.200000000000020606e-01,-4.899999999999986589e-01,-1.000000000000000000e+00,-9.999999999999653610e-02,-5.499999999999987121e-01,1.700000000000045919e-01,-5.399999999999978151e-01,-8.199999999999971756e-01,-1.299999999999983391e-01,-3.399999999999976374e-01,-6.099999999999978773e-01,-8.899999999999990141e-01,-8.599999999999972111e-01
-4.699999999999995293e-01,-5.799999999999969624e-01,-3.299999999999985167e-01,-8.499999999999989786e-01,-5.599999999999987210e-01,-4.299999999999968292e-01,-1.599999999999983658e-01,-3.399999999999985256e-01,-1.000000000000000000e+00,-1.000000000000000000e+00,6.300000000000041123e-01,-1.000000000000000000e+00,-7.199999999999961986e-01,-1.000000000000000000e+00,8.700000000000016609e-01,-8.799999999999990052e-01,-1.599999999999983658e-01,-1.000000000000000000e+00,8.300000000000034017e-01,-1.000000000000000000e+00,-1.000000000000000000e+00,1.800000000000028244e-01,-1.000000000000000000e+00,6.700000000000032596e-01,-1.000000000000000000e+00,6.200000000000067679e-01,1.900000000000019451e-01,-1.000000000000000000e+00,1.600000000000028066e-01,-1.000000000000000000e+00,5.900000000000023004e-01,-1.599999999999957012e-01,1.900000000000010569e-01,4.600000000000030731e-01,7.500000000000024425e-01,-5.299999999999986944e-01,-1.000000000000000000e+00,-1.799999999999983835e-01,-8.699999999999972200e-01,4.000000000000181188e-02,6.500000000000014655e-01,-7.699999999999989075e-01,-1.000000000000000000e+00,5.800000000000022915e-01,-1.000000000000000000e+00,2.500000000000011102e-01,-1.000000000000000000e+00,1.000000000000018652e-01,-1.000000000000000000e+00,2.600000000000028955e-01,-6.399999999999970157e-01,4.700000000000030820e-01,6.400000000000014566e-01,-5.099999999999986766e-01,-3.799999999999967848e-01,-1.000000000000000000e+00,6.800000000000041567e-01,1.900000000000037215e-01,-5.799999999999987388e-01,-6.999999999999961808e-01,-1.000000000000000000e+00,1.776356839400250465e-15,9.000000000000016875e-01,2.200000000000037481e-01,-1.000000000000000000e+00,-4.199999999999994849e-01,-7.499999999999988898e-01,-2.899999999999984812e-01,-2.999999999999984901e-01,-2.699999999999984635e-01,-5.199999999999986855e-01,3.200000000000020606e-01,-4.899999999999986589e-01,-1.000000000000000000e+00,-9.999999999994679811e-03,-5.499999999999987121e-01,2.300000000000055334e-01,-7.599999999999962341e-01,5.329070518200751394e-15,4.100000000000030287e-01,-5.999999999999827693e-02,-6.099999999999978773e-01,-8.899999999999990141e-01,-4.999999999999960032e-01
-1.000000000000000000e+00,-5.799999999999969624e-01,-3.299999999999985167e-01,-9.099999999999972555e-01,-5.599999999999987210e-01,-5.799999999999987388e-01,-1.000000000000000000e+00,-3.399999999999985256e-01,4.440892098500626162e-15,2.600000000000020073e-01,5.300000000000031353e-01,-1.000000000000000000e+00,-7.199999999999961986e-01,-9.799999999999973177e-01,8.700000000000016609e-01,-1.000000000000000000e+00,-1.000000000000000000e+00,-9.199999999999990408e-01,6.700000000000041478e-01,-1.000000000000000000e+00,2.664535259100375697e-15,1.800000000000028244e-01,-8.699999999999989964e-01,6.700000000000032596e-01,-1.000000000000000000e+00,3.900000000000056755e-01,1.900000000000028333e-01,-1.000000000000000000e+00,1.600000000000028066e-01,-8.699999999999981082e-01,-8.999999999999990230e-01,-1.000000000000000000e+00,1.900000000000010569e-01,-7.999999999999740652e-02,-9.999999999999120703e-03,-1.599999999999974776e-01,-1.000000000000000000e+00,-5.799999999999996270e-01,-1.000000000000000000e+00,4.000000000000181188e-02,6.500000000000014655e-01,-7.699999999999989075e-01,5.700000000000022826e-01,5.800000000000022915e-01,-6.099999999999996536e-01,4.000000000000021316e-01,-1.000000000000000000e+00,1.000000000000018652e-01,-7.199999999999988631e-01,-1.999999999999975131e-01,-1.000000000000000000e+00,-2.799999999999984723e-01,6.400000000000014566e-01,-5.099999999999986766e-01,-4.999999999999977796e-01,-1.000000000000000000e+00,-1.000000000000000000e+00,-2.199999999999975309e-01,-1.000000000000000000e+00,9.000000000000540901e-02,-8.399999999999971934e-01,-5.499999999999987121e-01,9.000000000000016875e-01,2.200000000000037481e-01,-9.699999999999990852e-01,-4.199999999999994849e-01,-9.999999999999982236e-01,4.700000000000030820e-01,-2.999999999999984901e-01,1.400000000000027889e-01,-5.199999999999986855e-01,3.200000000000020606e-01,-2.299999999999984279e-01,-1.000000000000000000e+00,-9.999999999994679811e-03,-4.999999999999382716e-02,2.300000000000055334e-01,-1.000000000000000000e+00,5.329070518200751394e-15,4.100000000000030287e-01,-3.399999999999976374e-01,-6.099999999999978773e-01,-1.000000000000000000e+00,-8.599999999999972111e-01
-1.000000000000000000e+00,2.000000000000028422e-01,-1.000000000000000000e+00,3.600000000000038725e-01,-5.599999999999987210e-01,-1.499999999999974687e-01,-9.999999999998232525e-03,-1.000000000000000000e+00,-1.399999999999965716e-01,3.900000000000021227e-01,5.300000000000031353e-01,-7.399999999999988809e-01,-1.199999999999956657e-01,-1.000000000000000000e+00,-7.999999999999829470e-02,-8.799999999999990052e-01,-9.699999999999981970e-01,-3.699999999999985523e-01,4.300000000000021583e-01,4.400000000000012790e-01,2.664535259100375697e-15,1.800000000000028244e-01,-5.899999999999978595e-01,6.700000000000032596e-01,-9.199999999999990408e-01,5.200000000000049027e-01,-6.999999999999828582e-02,-1.000000000000000000e+00,1.600000000000028066e-01,-8.699999999999981082e-01,8.000000000000095923e-02,-1.599999999999957012e-01,1.900000000000010569e-01,4.600000000000030731e-01,-1.000000000000000000e+00,-5.299999999999986944e-01,-1.000000000000000000e+00,2.000000000000179412e-02,-1.000000000000000000e+00,5.500000000000022649e-01,6.500000000000014655e-01,-2.599999999999975664e-01,7.500000000000033307e-01,9.500000000000035083e-01,-1.000000000000000000e+00,9.700000000000026379e-01,-1.000000000000000000e+00,3.300000000000011813e-01,-7.299999999999988720e-01,7.800000000000015810e-01,-6.599999999999979217e-01,-1.000000000000000000e+00,8.800000000000025580e-01,-5.099999999999986766e-01,-4.899999999999968825e-01,-7.899999999999989253e-01,6.800000000000041567e-01,-2.199999999999975309e-01,-7.699999999999989075e-01,-1.299999999999947864e-01,-8.599999999999980993e-01,-3.599999999999994316e-01,9.000000000000016875e-01,-4.999999999999977796e-01,1.000000000000267342e-02,-4.199999999999994849e-01,7.000000000000095035e-02,-2.899999999999984812e-01,-1.000000000000000000e+00,-2.699999999999984635e-01,-3.199999999999985079e-01,3.200000000000020606e-01,-8.299999999999998490e-01,-1.000000000000000000e+00,-6.599999999999979217e-01,1.900000000000028333e-01,1.700000000000045919e-01,-1.000000000000000000e+00,-6.899999999999970601e-01,-1.000000000000000000e+00,-5.999999999999827693e-02,-6.099999999999978773e-01,-1.000000000000000000e+00,-1.599999999999965894e-01
-4.699999999999995293e-01,2.000000000000028422e-01,-3.299999999999985167e-01,-8.499999999999989786e-01,-5.599999999999987210e-01,-1.999999999999975131e-01,-1.599999999999983658e-01,-1.000000000000000000e+00,2.200000000000037481e-01,-1.000000000000000000e+00,5.500000000000040412e-01,4.000000000000270006e-02,-1.399999999999965716e-01,-1.000000000000000000e+00,8.700000000000016609e-01,-1.599999999999974776e-01,-2.799999999999984723e-01,-1.000000000000000000e+00,4.300000000000021583e-01,-9.999999999999831246e-02,-4.599999999999950795e-01,9.100000000000043610e-01,-1.000000000000000000e+00,4.300000000000039346e-01,8.800000000000043343e-01,5.200000000000049027e-01,1.900000000000019451e-01,-1.000000000000000000e+00,6.900000000000023892e-01,-1.000000000000000000e+00,8.000000000000095923e-02,-1.000000000000000000e+00,9.100000000000025846e-01,4.600000000000030731e-01,-9.999999999999120703e-03,-5.799999999999978506e-01,-1.000000000000000000e+00,-1.000000000000000000e+00,-8.699999999999972200e-01,4.000000000000181188e-02,9.000000000000185629e-02,-7.699999999999989075e-01,5.700000000000022826e-01,5.800000000000022915e-01,-1.000000000000000000e+00,2.500000000000011102e-01,2.600000000000028955e-01,1.000000000000018652e-01,-5.599999999999987210e-01,7.800000000000015810e-01,7.200000000000033040e-01,-1.000000000000000000e+00,6.400000000000014566e-01,-5.099999999999986766e-01,-4.999999999999977796e-01,-7.899999999999989253e-01,6.800000000000041567e-01,-6.699999999999979305e-01,-1.000000000000000000e+00,-6.799999999999952749e-01,-8.599999999999980993e-01,-6.999999999999988454e-01,9.000000000000016875e-01,-4.999999999999977796e-01,-1.000000000000000000e+00,-4.199999999999994849e-01,6.300000000000023359e-01,4.700000000000030820e-01,-2.999999999999984901e-01,4.500000000000030642e-01,-5.199999999999986855e-01,6.000000000000094147e-02,-1.000000000000000000e+00,-1.000000000000000000e+00,-3.399999999999958611e-01,-5.499999999999987121e-01,2.300000000000055334e-01,-3.199999999999967315e-01,-8.199999999999971756e-01,7.000000000000015099e-01,3.800000000000030020e-01,-6.099999999999978773e-01,-8.899999999999990141e-01,-8.599999999999972111e-01
-1.000000000000000000e+00,2.000000000000028422e-01,-3.299999999999985167e-01,-5.499999999999978240e-01,3.300000000000029576e-01,-1.999999999999975131e-01,8.200000000000016165e-01,-1.000000000000000000e+00,-5.099999999999977884e-01,6.400000000000014566e-01,5.500000000000049294e-01,-1.000000000000000000e+00,2.300000000000055334e-01,-1.000000000000000000e+00,8.700000000000016609e-01,-1.000000000000000000e+00,-6.799999999999988276e-01,-1.000000000000000000e+00,4.300000000000021583e-01,9.600000000000026290e-01,2.664535259100375697e-15,-1.000000000000000000e+00,-1.000000000000000000e+00,6.700000000000032596e-01,-9.199999999999990408e-01,5.200000000000049027e-01,-6.999999999999828582e-02,-1.000000000000000000e+00,1.600000000000028066e-01,-1.399999999999983480e-01,8.000000000000095923e-02,-1.599999999999957012e-01,1.900000000000010569e-01,4.600000000000030731e-01,-9.999999999999120703e-03,-5.299999999999986944e-01,-1.000000000000000000e+00,-5.799999999999996270e-01,-7.999999999999740652e-02,-1.000000000000000000e+00,4.600000000000021849e-01,-3.199999999999976197e-01,5.700000000000022826e-01,5.800000000000022915e-01,-1.000000000000000000e+00,2.500000000000011102e-01,-1.000000000000000000e+00,3.300000000000011813e-01,-5.599999999999987210e-01,7.800000000000015810e-01,7.200000000000033040e-01,-1.000000000000000000e+00,8.800000000000025580e-01,-5.099999999999986766e-01,-9.199999999999972644e-01,-7.899999999999989253e-01,6.800000000000041567e-01,-2.199999999999975309e-01,-6.699999999999979305e-01,-1.299999999999947864e-01,-1.000000000000000000e+00,-3.599999999999994316e-01,9.000000000000016875e-01,-4.999999999999977796e-01,-1.000000000000000000e+00,-4.199999999999994849e-01,7.000000000000095035e-02,-2.899999999999984812e-01,-1.000000000000000000e+00,-1.000000000000000000e+00,-3.199999999999985079e-01,3.200000000000020606e-01,-8.299999999999998490e-01,-1.000000000000000000e+00,-6.599999999999979217e-01,-5.499999999999987121e-01,1.800000000000054889e-01,-4.199999999999985967e-01,-5.199999999999977973e-01,4.100000000000030287e-01,-5.999999999999827693e-02,-6.099999999999978773e-01,-1.000000000000000000e+00,-8.599999999999972111e-01
-1.000000000000000000e+00,2.000000000000028422e-01,-3.299999999999985167e-01,-5.499999999999978240e-01,-5.599999999999987210e-01,-1.999999999999975131e-01,8.200000000000016165e-01,-1.000000000000000000e+00,-5.099999999999977884e-01,-1.000000000000000000e+00,5.500000000000040412e-01,-1.099999999999974332e-01,-1.399999999999965716e-01,-1.000000000000000000e+00,-7.999999999999829470e-02,-1.000000000000000000e+00,-1.599999999999983658e-01,-1.000000000000000000e+00,4.300000000000021583e-01,4.400000000000012790e-01,-2.899999999999958167e-01,1.800000000000028244e-01,-1.000000000000000000e+00,6.700000000000032596e-01,-9.199999999999990408e-01,5.200000000000049027e-01,1.900000000000019451e-01,-1.000000000000000000e+00,6.900000000000023892e-01,-1.000000000000000000e+00,-8.999999999999990230e-01,-1.599999999999957012e-01,-5.999999999999827693e-02,4.600000000000030731e-01,-1.000000000000000000e+00,-5.299999999999986944e-01,-1.000000000000000000e+00,-1.000000000000000000e+00,-8.699999999999972200e-01,5.500000000000022649e-01,6.500000000000014655e-01,-7.699999999999989075e-01,6.800000000000032685e-01,5.800000000000022915e-01,-1.000000000000000000e+00,-7.199999999999988631e-01,-1.000000000000000000e+00,3.300000000000011813e-01,-1.000000000000000000e+00,7.800000000000015810e-01,-1.000000000000000000e+00,-1.000000000000000000e+00,8.800000000000025580e-01,2.300000000000028688e-01,-4.999999999999977796e-01,-7.899999999999989253e-01,6.800000000000041567e-01,-6.699999999999979305e-01,-1.000000000000000000e+00,-6.999999999999961808e-01,-1.000000000000000000e+00,-1.000000000000000000e+00,9.000000000000016875e-01,2.200000000000037481e-01,-5.299999999999986944e-01,-4.199999999999994849e-01,-7.499999999999988898e-01,-2.899999999999984812e-01,-1.000000000000000000e+00,-2.699999999999984635e-01,-5.199999999999986855e-01,3.200000000000020606e-01,-3.999999999999825917e-02,-1.000000000000000000e+00,-6.599999999999979217e-01,-5.499999999999987121e-01,2.300000000000055334e-01,-3.199999999999967315e-01,-5.199999999999977973e-01,4.100000000000030287e-01,-5.999999999999827693e-02,-6.099999999999978773e-01,-8.899999999999990141e-01,-8.599999999999972111e-01
-4.699999999999995293e-01,1.300000000000045564e-01,-3.299999999999985167e-01,-8.499999999999989786e-01,-1.000000000000000000e+00,-4.299999999999968292e-01,-1.599999999999983658e-01,-1.000000000000000000e+00,-1.000000000000000000e+00,4.900000000000030997e-01,6.300000000000041123e-01,-1.000000000000000000e+00,-1.399999999999965716e-01,-1.000000000000000000e+00,8.700000000000016609e-01,-1.000000000000000000e+00,-1.599999999999983658e-01,-1.000000000000000000e+00,8.300000000000034017e-01,-1.000000000000000000e+00,2.664535259100375697e-15,1.800000000000028244e-01,-1.000000000000000000e+00,6.700000000000032596e-01,-1.000000000000000000e+00,3.900000000000056755e-01,1.900000000000019451e-01,-1.000000000000000000e+00,6.900000000000023892e-01,-1.000000000000000000e+00,5.900000000000023004e-01,-1.000000000000000000e+00,6.000000000000182965e-02,4.600000000000030731e-01,7.500000000000024425e-01,7.300000000000042011e-01,-1.000000000000000000e+00,2.600000000000028955e-01,-8.699999999999972200e-01,4.000000000000181188e-02,6.500000000000014655e-01,-7.699999999999989075e-01,6.800000000000032685e-01,5.800000000000022915e-01,-1.000000000000000000e+00,2.500000000000011102e-01,-1.000000000000000000e+00,3.300000000000011813e-01,-7.199999999999988631e-01,7.800000000000015810e-01,-6.599999999999979217e-01,7.000000000000272671e-02,6.400000000000014566e-01,-5.099999999999986766e-01,-4.999999999999977796e-01,-1.000000000000000000e+00,-9.699999999999990852e-01,-2.199999999999975309e-01,-1.000000000000000000e+00,-1.299999999999947864e-01,-8.599999999999980993e-01,-5.499999999999987121e-01,9.000000000000016875e-01,2.200000000000037481e-01,-1.000000000000000000e+00,-1.000000000000000000e+00,-7.499999999999988898e-01,4.600000000000030731e-01,-8.199999999999980638e-01,-2.699999999999984635e-01,-5.199999999999986855e-01,3.200000000000020606e-01,-3.999999999999825917e-02,-4.099999999999985878e-01,-9.999999999994679811e-03,-5.499999999999987121e-01,5.500000000000058176e-01,-6.199999999999987743e-01,5.329070518200751394e-15,-1.299999999999983391e-01,-5.999999999999827693e-02,-1.000000000000000000e+00,-8.899999999999990141e-01,-8.599999999999972111e-01
-4.699999999999995293e-01,2.000000000000028422e-01,-1.599999999999974776e-01,-8.399999999999980815e-01,-5.599999999999987210e-01,2.400000000000046541e-01,8.200000000000016165e-01,-1.000000000000000000e+00,-5.099999999999977884e-01,-3.499999999999985345e-01,5.500000000000040412e-01,-1.000000000000000000e+00,-4.199999999999959321e-01,-2.199999999999984190e-01,8.700000000000016609e-01,-1.599999999999974776e-01,-1.000000000000000000e+00,-1.000000000000000000e+00,4.300000000000021583e-01,-2.999999999999976019e-01,2.664535259100375697e-15,1.800000000000028244e-01,-1.000000000000000000e+00,6.700000000000032596e-01,-9.199999999999990408e-01,3.900000000000056755e-01,-6.999999999999828582e-02,-1.000000000000000000e+00,1.600000000000028066e-01,-1.000000000000000000e+00,1.300000000000027800e-01,-1.599999999999957012e-01,9.000000000000025757e-01,6.200000000000023270e-01,5.700000000000022826e-01,-5.299999999999986944e-01,-1.000000000000000000e+00,-1.000000000000000000e+00,-8.499999999999989786e-01,9.000000000000185629e-02,9.000000000000185629e-02,-7.699999999999989075e-01,7.000000000000272671e-02,5.800000000000022915e-01,-1.000000000000000000e+00,-6.999999999999988454e-01,-1.000000000000000000e+00,3.300000000000011813e-01,-1.000000000000000000e+00,7.800000000000015810e-01,7.200000000000033040e-01,-1.000000000000000000e+00,-1.000000000000000000e+00,-5.099999999999986766e-01,-1.000000000000000000e+00,-1.000000000000000000e+00,6.800000000000041567e-01,-2.499999999999966693e-01,-9.299999999999981615e-01,-3.799999999999950084e-01,-3.399999999999985256e-01,-3.599999999999994316e-01,9.000000000000016875e-01,-9.399999999999972822e-01,-1.000000000000000000e+00,-4.199999999999994849e-01,6.300000000000023359e-01,7.000000000000041744e-01,-1.000000000000000000e+00,4.500000000000030642e-01,-1.000000000000000000e+00,2.100000000000019629e-01,-9.299999999999990496e-01,-1.000000000000000000e+00,-9.999999999999653610e-02,-1.999999999999824141e-02,1.700000000000045919e-01,-5.399999999999978151e-01,-9.999999999999964473e-01,7.000000000000015099e-01,3.800000000000030020e-01,-6.099999999999978773e-01,-8.899999999999990141e-01,-8.599999999999972111e-01
-1.000000000000000000e+00,2.000000000000028422e-01,-3.299999999999985167e-01,-5.499999999999978240e-01,-5.599999999999987210e-01,-5.799999999999987388e-01,-1.000000000000000000e+00,-1.000000000000000000e+00,-5.099999999999977884e-01,2.600000000000020073e-01,-3.999999999999968026e-01,-1.099999999999974332e-01,-1.399999999999965716e-01,-9.799999999999973177e-01,8.700000000000016609e-01,-8.799999999999990052e-01,-9.699999999999981970e-01,-9.199999999999990408e-01,6.700000000000041478e-01,4.800000000000022027e-01,2.664535259100375697e-15,1.800000000000028244e-01,-8.699999999999989964e-01,6.700000000000032596e-01,-8.499999999999980904e-01,5.200000000000049027e-01,-6.999999999999828582e-02,-1.000000000000000000e+00,5.000000000000359712e-02,-1.000000000000000000e+00,-8.699999999999981082e-01,-1.599999999999957012e-01,1.900000000000010569e-01,4.600000000000030731e-01,-9.999999999999120703e-03,-5.299999999999986944e-01,-1.000000000000000000e+00,-1.000000000000000000e+00,-8.899999999999990141e-01,-1.000000000000000000e+00,6.500000000000014655e-01,-7.699999999999989075e-01,7.500000000000033307e-01,5.800000000000022915e-01,-6.099999999999996536e-01,9.700000000000026379e-01,-3.699999999999985523e-01,-5.599999999999987210e-01,-1.000000000000000000e+00,7.800000000000015810e-01,-1.000000000000000000e+00,-1.000000000000000000e+00,4.400000000000021672e-01,-5.099999999999986766e-01,-1.000000000000000000e+00,-7.899999999999989253e-01,6.800000000000041567e-01,3.400000000000038547e-01,-1.000000000000000000e+00,-1.299999999999947864e-01,-1.000000000000000000e+00,-3.599999999999994316e-01,9.000000000000016875e-01,-4.999999999999977796e-01,-5.299999999999986944e-01,-4.199999999999994849e-01,7.000000000000095035e-02,-2.899999999999984812e-01,-1.000000000000000000e+00,-2.699999999999984635e-01,-1.000000000000000000e+00,2.600000000000028955e-01,-1.000000000000000000e+00,-1.000000000000000000e+00,-9.999999999994679811e-03,-4.999999999999382716e-02,1.800000000000054889e-01,-5.399999999999978151e-01,-9.999999999996456168e-03,-3.999999999999648281e-02,-5.999999999999827693e-02,-6.099999999999978773e-01,-1.000000000000000000e+00,-1.000000000000000000e+00
-7.399999999999988809e-01,8.800000000000061107e-01,-3.299999999999985167e-01,-8.499999999999989786e-01,-1.999999999999735323e-02,-1.999999999999975131e-01,-1.599999999999983658e-01,-1.000000000000000000e+00,-4.199999999999968203e-01,-1.000000000000000000e+00,6.300000000000041123e-01,-1.000000000000000000e+00,-1.399999999999965716e-01,-2.199999999999984190e-01,4.600000000000030731e-01,-8.799999999999990052e-01,-1.000000000000000000e+00,-1.000000000000000000e+00,9.900000000000044320e-01,-1.000000000000000000e+00,-2.899999999999984812e-01,1.800000000000028244e-01,-4.999999999999986677e-01,6.700000000000032596e-01,-9.199999999999990408e-01,5.200000000000049027e-01,-6.999999999999828582e-02,-1.000000000000000000e+00,6.900000000000023892e-01,-1.000000000000000000e+00,-8.999999999999990230e-01,-1.599999999999957012e-01,9.000000000000025757e-01,4.600000000000030731e-01,5.700000000000022826e-01,-5.299999999999986944e-01,-1.000000000000000000e+00,-1.000000000000000000e+00,-1.000000000000000000e+00,-8.699999999999989964e-01,6.500000000000014655e-01,-7.699999999999989075e-01,9.600000000000026290e-01,5.800000000000022915e-01,-1.000000000000000000e+00,4.000000000000181188e-02,-1.000000000000000000e+00,3.300000000000011813e-01,-1.000000000000000000e+00,7.800000000000015810e-01,-6.599999999999979217e-01,-1.000000000000000000e+00,-1.000000000000000000e+00,-5.099999999999986766e-01,-4.999999999999977796e-01,-7.899999999999998135e-01,6.800000000000041567e-01,-6.699999999999979305e-01,-9.299999999999981615e-01,-2.399999999999948841e-01,-3.399999999999985256e-01,1.776356839400250465e-15,9.000000000000016875e-01,2.200000000000037481e-01,-1.000000000000000000e+00,-4.199999999999994849e-01,-7.499999999999988898e-01,-2.899999999999984812e-01,9.000000000000274447e-02,-2.699999999999984635e-01,-1.000000000000000000e+00,3.200000000000020606e-01,2.300000000000028688e-01,-1.000000000000000000e+00,-9.999999999994679811e-03,-5.499999999999987121e-01,1.700000000000045919e-01,-7.599999999999962341e-01,-8.199999999999971756e-01,2.800000000000038014e-01,-5.999999999999827693e-02,-6.099999999999978773e-01,-8.899999999999990141e-01,-8.599999999999972111e-01
-4.699999999999995293e-01,-1.199999999999965539e-01,-3.299999999999985167e-01,-8.499999999999989786e-01,-1.699999999999974865e-01,-1.999999999999975131e-01,-1.599999999999983658e-01,-1.000000000000000000e+00,-1.000000000000000000e+00,-1.000000000000000000e+00,5.300000000000031353e-01,-1.000000000000000000e+00,-1.399999999999965716e-01,-6.299999999999978950e-01,8.700000000000016609e-01,-1.000000000000000000e+00,-1.000000000000000000e+00,-1.000000000000000000e+00,9.900000000000044320e-01,-6.599999999999961453e-01,-2.899999999999958167e-01,1.800000000000028244e-01,-4.999999999999986677e-01,6.700000000000032596e-01,-1.000000000000000000e+00,8.100000000000060485e-01,5.000000000000022204e-01,-1.000000000000000000e+00,-1.000000000000000000e+00,-8.699999999999981082e-01,-8.999999999999990230e-01,-1.599999999999957012e-01,9.000000000000025757e-01,4.600000000000030731e-01,-6.799999999999988276e-01,-5.299999999999986944e-01,-1.000000000000000000e+00,-1.000000000000000000e+00,-1.000000000000000000e+00,4.000000000000181188e-02,6.500000000000014655e-01,-7.699999999999989075e-01,6.800000000000032685e-01,6.400000000000032330e-01,-1.000000000000000000e+00,2.500000000000011102e-01,-1.000000000000000000e+00,3.300000000000011813e-01,-1.000000000000000000e+00,8.100000000000024958e-01,-6.599999999999979217e-01,-1.000000000000000000e+00,6.400000000000014566e-01,-5.099999999999986766e-01,-4.999999999999977796e-01,-7.899999999999989253e-01,6.800000000000041567e-01,-6.699999999999979305e-01,-1.000000000000000000e+00,-6.999999999999961808e-01,-1.000000000000000000e+00,-1.000000000000000000e+00,9.000000000000016875e-01,2.200000000000037481e-01,-1.000000000000000000e+00,-4.199999999999994849e-01,-7.499999999999988898e-01,-2.899999999999984812e-01,-1.000000000000000000e+00,-1.999999999999735323e-02,-1.000000000000000000e+00,3.200000000000020606e-01,-3.999999999999825917e-02,-1.000000000000000000e+00,-3.399999999999958611e-01,-1.099999999999929923e-01,4.100000000000021405e-01,-5.399999999999978151e-01,-8.199999999999971756e-01,3.900000000000030109e-01,-5.999999999999827693e-02,-6.099999999999978773e-01,-8.899999999999990141e-01,1.000000000000045297e-01
-1.000000000000000000e+00,2.000000000000028422e-01,-3.299999999999985167e-01,-5.499999999999978240e-01,-5.599999999999987210e-01,-5.799999999999987388e-01,-1.000000000000000000e+00,-1.000000000000000000e+00,-5.099999999999977884e-01,2.600000000000020073e-01,-3.899999999999967937e-01,-1.000000000000000000e+00,-1.399999999999965716e-01,-9.799999999999973177e-01,2.100000000000028511e-01,-8.799999999999990052e-01,-1.000000000000000000e+00,-1.000000000000000000e+00,6.700000000000041478e-01,4.400000000000012790e-01,-4.599999999999968558e-01,1.800000000000028244e-01,-8.699999999999989964e-01,6.700000000000032596e-01,-8.499999999999980904e-01,3.900000000000056755e-01,-6.999999999999828582e-02,-1.000000000000000000e+00,1.600000000000028066e-01,-8.699999999999981082e-01,-8.999999999999990230e-01,-1.599999999999957012e-01,1.500000000000019096e-01,6.200000000000023270e-01,-9.999999999999120703e-03,-5.299999999999986944e-01,-1.000000000000000000e+00,-5.799999999999996270e-01,-1.000000000000000000e+00,-1.000000000000000000e+00,9.000000000000185629e-02,-7.699999999999989075e-01,7.500000000000033307e-01,5.800000000000022915e-01,-1.000000000000000000e+00,4.000000000000021316e-01,-3.699999999999985523e-01,-3.299999999999976286e-01,-6.799999999999979394e-01,7.800000000000015810e-01,-1.000000000000000000e+00,-1.000000000000000000e+00,6.400000000000014566e-01,-9.899999999999982148e-01,-1.000000000000000000e+00,-7.899999999999989253e-01,6.800000000000041567e-01,-2.199999999999975309e-01,-1.000000000000000000e+00,9.000000000000540901e-02,-9.899999999999964384e-01,-3.599999999999994316e-01,9.000000000000016875e-01,-4.999999999999977796e-01,-9.699999999999990852e-01,-4.199999999999994849e-01,7.000000000000095035e-02,4.700000000000030820e-01,-1.000000000000000000e+00,-2.699999999999984635e-01,-2.999999999999825029e-02,-1.000000000000000000e+00,-1.000000000000000000e+00,-2.399999999999984368e-01,-9.999999999994679811e-03,-4.999999999999382716e-02,1.800000000000054889e-01,-1.000000000000000000e+00,-5.199999999999977973e-01,4.100000000000030287e-01,-7.099999999999979661e-01,-6.099999999999978773e-01,-1.000000000000000000e+00,-8.599999999999972111e-01
-1.000000000000000000e+00,-5.499999999999969358e-01,-3.299999999999985167e-01,-9.099999999999972555e-01,-5.599999999999987210e-01,-1.999999999999975131e-01,2.300000000000019806e-01,-1.000000000000000000e+00,-5.099999999999977884e-01,6.400000000000014566e-01,4.700000000000048583e-01,-1.000000000000000000e+00,-1.399999999999965716e-01,-1.000000000000000000e+00,8.700000000000016609e-01,-1.599999999999974776e-01,-1.000000000000000000e+00,-1.000000000000000000e+00,6.700000000000041478e-01,-2.999999999999976019e-01,-2.899999999999958167e-01,1.800000000000028244e-01,-8.699999999999989964e-01,6.700000000000032596e-01,-8.499999999999980904e-01,3.900000000000056755e-01,-6.999999999999828582e-02,-1.000000000000000000e+00,1.600000000000028066e-01,-8.699999999999981082e-01,8.000000000000095923e-02,-6.699999999999952660e-01,1.900000000000010569e-01,4.600000000000030731e-01,5.700000000000022826e-01,-5.299999999999986944e-01,-1.000000000000000000e+00,-1.000000000000000000e+00,-1.000000000000000000e+00,-1.000000000000000000e+00,9.000000000000185629e-02,-7.699999999999989075e-01,5.700000000000022826e-01,5.800000000000022915e-01,-1.000000000000000000e+00,-3.199999999999985079e-01,2.600000000000028955e-01,-5.599999999999987210e-01,-5.599999999999987210e-01,7.800000000000015810e-01,-1.000000000000000000e+00,-1.000000000000000000e+00,8.800000000000025580e-01,-5.099999999999986766e-01,-1.000000000000000000e+00,-7.899999999999989253e-01,6.800000000000041567e-01,-2.199999999999975309e-01,-1.000000000000000000e+00,-1.299999999999947864e-01,-8.599999999999980993e-01,-3.599999999999994316e-01,-1.000000000000000000e+00,2.200000000000037481e-01,-9.699999999999990852e-01,-4.199999999999994849e-01,6.300000000000023359e-01,2.700000000000037925e-01,-1.000000000000000000e+00,2.300000000000037570e-01,-1.000000000000000000e+00,4.600000000000021849e-01,-3.099999999999984990e-01,-1.000000000000000000e+00,-9.999999999994679811e-03,-5.499999999999987121e-01,1.700000000000045919e-01,-5.399999999999978151e-01,-8.199999999999971756e-01,4.100000000000030287e-01,-7.099999999999979661e-01,-6.099999999999978773e-01,-1.000000000000000000e+00,-8.599999999999972111e-01
-9.499999999999990674e-01,2.000000000000028422e-01,-1.000000000000000000e+00,-5.499999999999978240e-01,-4.099999999999976996e-01,-1.499999999999974687e-01,-9.999999999998232525e-03,-1.000000000000000000e+00,-5.099999999999977884e-01,6.400000000000014566e-01,6.600000000000041389e-01,-1.099999999999974332e-01,-1.199999999999956657e-01,-1.000000000000000000e+00,-7.999999999999829470e-02,-8.799999999999990052e-01,-1.000000000000000000e+00,-3.699999999999985523e-01,9.900000000000044320e-01,4.400000000000012790e-01,2.664535259100375697e-15,1.800000000000028244e-01,-8.699999999999989964e-01,6.700000000000032596e-01,-9.199999999999990408e-01,8.100000000000060485e-01,-6.999999999999828582e-02,-1.000000000000000000e+00,1.600000000000028066e-01,-1.000000000000000000e+00,-8.999999999999990230e-01,5.000000000000537348e-02,1.900000000000010569e-01,4.600000000000030731e-01,2.800000000000029132e-01,-5.299999999999986944e-01,-1.000000000000000000e+00,-5.799999999999996270e-01,-8.899999999999990141e-01,-1.000000000000000000e+00,6.500000000000014655e-01,-7.699999999999989075e-01,5.700000000000022826e-01,5.800000000000022915e-01,-1.000000000000000000e+00,9.700000000000026379e-01,-1.000000000000000000e+00,3.300000000000011813e-01,-5.599999999999987210e-01,2.800000000000020250e-01,-1.000000000000000000e+00,-2.899999999999967049e-01,8.800000000000025580e-01,-5.099999999999986766e-01,-6.499999999999970246e-01,-1.000000000000000000e+00,6.800000000000041567e-01,-2.199999999999975309e-01,-7.699999999999989075e-01,-6.999999999999961808e-01,-8.599999999999980993e-01,-3.599999999999994316e-01,9.000000000000016875e-01,-4.999999999999977796e-01,-1.000000000000000000e+00,6.000000000000182965e-02,7.000000000000095035e-02,-2.899999999999984812e-01,-1.000000000000000000e+00,-2.699999999999984635e-01,-2.999999999999825029e-02,-2.099999999999984102e-01,-8.299999999999998490e-01,-1.000000000000000000e+00,-6.599999999999979217e-01,-1.000000000000000000e+00,5.800000000000067324e-01,-5.399999999999978151e-01,-5.199999999999977973e-01,7.000000000000015099e-01,-5.999999999999827693e-02,-6.199999999999969980e-01,-1.000000000000000000e+00,-1.599999999999965894e-01
-4.699999999999995293e-01,-5.799999999999969624e-01,-3.299999999999985167e-01,-8.499999999999989786e-01,-5.599999999999987210e-01,-1.999999999999975131e-01,2.300000000000019806e-01,-3.399999999999985256e-01,4.440892098500626162e-15,-3.999999999999825917e-02,5.300000000000031353e-01,-2.999999999999825029e-02,3.500000000000047518e-01,2.000000000000268230e-02,8.700000000000016609e-01,-1.000000000000000000e+00,-1.599999999999983658e-01,-1.000000000000000000e+00,8.300000000000034017e-01,-2.999999999999976019e-01,2.664535259100375697e-15,9.400000000000061640e-01,-8.699999999999989964e-01,4.300000000000039346e-01,-1.000000000000000000e+00,5.200000000000049027e-01,1.900000000000019451e-01,-1.000000000000000000e+00,1.600000000000028066e-01,-1.000000000000000000e+00,9.100000000000034728e-01,5.329070518200751394e-15,1.900000000000010569e-01,4.600000000000030731e-01,-1.000000000000000000e+00,-1.599999999999974776e-01,-1.000000000000000000e+00,-5.799999999999996270e-01,-1.000000000000000000e+00,4.000000000000181188e-02,9.000000000000185629e-02,-7.699999999999989075e-01,5.700000000000022826e-01,5.800000000000022915e-01,-1.000000000000000000e+00,-3.199999999999985079e-01,-1.000000000000000000e+00,1.000000000000018652e-01,-5.599999999999987210e-01,7.800000000000015810e-01,7.200000000000033040e-01,-2.799999999999984723e-01,6.400000000000014566e-01,-5.099999999999986766e-01,-4.999999999999977796e-01,-1.000000000000000000e+00,-9.699999999999990852e-01,-2.199999999999975309e-01,-1.000000000000000000e+00,-7.599999999999944578e-01,-8.599999999999980993e-01,-5.499999999999987121e-01,9.000000000000016875e-01,-4.999999999999977796e-01,-6.799999999999988276e-01,-4.199999999999994849e-01,-7.499999999999988898e-01,4.700000000000030820e-01,-1.000000000000000000e+00,4.500000000000030642e-01,-5.199999999999986855e-01,3.200000000000020606e-01,-4.899999999999986589e-01,-1.000000000000000000e+00,-9.999999999999653610e-02,-5.499999999999987121e-01,2.800000000000064659e-01,-6.199999999999987743e-01,5.329070518200751394e-15,2.500000000000019984e-01,3.800000000000030020e-01,-6.099999999999978773e-01,-8.699999999999989964e-01,-8.599999999999972111e-01
-1.000000000000000000e+00,2.000000000000028422e-01,-3.299999999999985167e-01,-9.199999999999990408e-01,4.000000000000270006e-02,-1.499999999999974687e-01,1.400000000000027889e-01,-1.000000000000000000e+00,-1.000000000000000000e+00,-1.000000000000000000e+00,6.300000000000041123e-01,-7.399999999999988809e-01,3.900000000000056755e-01,-9.799999999999973177e-01,8.700000000000016609e-01,-8.799999999999990052e-01,-1.000000000000000000e+00,-3.699999999999985523e-01,9.900000000000044320e-01,-1.000000000000000000e+00,-1.000000000000000000e+00,1.800000000000028244e-01,-1.000000000000000000e+00,6.700000000000032596e-01,-8.499999999999980904e-01,5.200000000000049027e-01,7.900000000000015898e-01,-1.000000000000000000e+00,6.900000000000023892e-01,-1.000000000000000000e+00,5.900000000000023004e-01,-1.599999999999957012e-01,1.900000000000010569e-01,4.600000000000030731e-01,5.700000000000022826e-01,-5.299999999999986944e-01,-1.000000000000000000e+00,-5.799999999999996270e-01,-1.000000000000000000e+00,-1.000000000000000000e+00,6.500000000000014655e-01,-2.599999999999975664e-01,5.700000000000022826e-01,5.800000000000022915e-01,-1.000000000000000000e+00,2.500000000000011102e-01,-1.000000000000000000e+00,3.300000000000011813e-01,-5.599999999999987210e-01,7.800000000000015810e-01,-6.599999999999979217e-01,-9.999999999999742428e-02,6.400000000000014566e-01,-1.000000000000000000e+00,-4.999999999999977796e-01,-1.000000000000000000e+00,6.800000000000041567e-01,-2.199999999999975309e-01,-1.000000000000000000e+00,-6.999999999999961808e-01,-8.599999999999980993e-01,-3.599999999999994316e-01,-1.000000000000000000e+00,-4.999999999999977796e-01,-1.000000000000000000e+00,-4.199999999999994849e-01,-1.000000000000000000e+00,-2.899999999999984812e-01,-2.999999999999984901e-01,-2.699999999999984635e-01,8.000000000000273559e-02,6.000000000000094147e-02,-3.999999999999825917e-02,-1.000000000000000000e+00,-6.599999999999979217e-01,-1.000000000000000000e+00,1.700000000000045919e-01,-5.399999999999978151e-01,-6.899999999999970601e-01,7.000000000000015099e-01,7.300000000000033129e-01,-6.099999999999978773e-01,-8.899999999999990141e-01,-1.599999999999965894e-01
-1.000000000000000000e+00,2.000000000000028422e-01,-9.699999999999981970e-01,-7.799999999999980282e-01,-5.599999999999987210e-01,-4.299999999999968292e-01,8.200000000000016165e-01,-1.000000000000000000e+00,4.440892098500626162e-15,6.400000000000014566e-01,5.500000000000040412e-01,-1.099999999999974332e-01,-1.399999999999965716e-01,-5.999999999999987566e-01,-7.999999999999829470e-02,-8.799999999999990052e-01,-9.699999999999981970e-01,-1.000000000000000000e+00,8.300000000000034017e-01,4.400000000000012790e-01,2.664535259100375697e-15,1.200000000000045475e-01,-8.699999999999989964e-01,6.700000000000032596e-01,-9.199999999999990408e-01,5.200000000000049027e-01,1.900000000000019451e-01,-1.000000000000000000e+00,1.600000000000028066e-01,-1.000000000000000000e+00,-8.999999999999990230e-01,-1.000000000000000000e+00,1.900000000000010569e-01,4.600000000000030731e-01,-9.999999999999991118e-01,-1.599999999999974776e-01,-1.000000000000000000e+00,-1.000000000000000000e+00,-8.899999999999990141e-01,5.500000000000022649e-01,6.500000000000014655e-01,-7.699999999999989075e-01,6.800000000000032685e-01,5.800000000000022915e-01,-6.099999999999996536e-01,2.500000000000011102e-01,-1.000000000000000000e+00,1.000000000000018652e-01,-5.599999999999987210e-01,9.000000000000185629e-02,-6.599999999999979217e-01,-6.499999999999979128e-01,6.400000000000014566e-01,-5.099999999999986766e-01,-4.999999999999977796e-01,-1.000000000000000000e+00,-9.699999999999990852e-01,-2.199999999999975309e-01,-7.699999999999989075e-01,-1.299999999999947864e-01,-1.000000000000000000e+00,-3.599999999999994316e-01,9.000000000000016875e-01,-4.999999999999977796e-01,-2.399999999999975486e-01,-4.199999999999994849e-01,7.000000000000095035e-02,-2.899999999999984812e-01,-2.999999999999984901e-01,-2.699999999999984635e-01,-5.199999999999986855e-01,3.200000000000020606e-01,-1.000000000000000000e+00,-1.000000000000000000e+00,-3.899999999999967937e-01,1.900000000000028333e-01,1.800000000000054889e-01,-6.199999999999987743e-01,-5.199999999999977973e-01,-1.299999999999983391e-01,-3.399999999999976374e-01,-6.099999999999978773e-01,-1.000000000000000000e+00,-8.599999999999972111e-01
-1.000000000000000000e+00,2.000000000000028422e-01,-3.299999999999985167e-01,-8.499999999999989786e-01,-5.599999999999987210e-01,-5.799999999999987388e-01,-1.000000000000000000e+00,-1.000000000000000000e+00,-7.299999999999962075e-01,6.400000000000014566e-01,5.300000000000031353e-01,-1.000000000000000000e+00,-1.399999999999965716e-01,-1.000000000000000000e+00,8.700000000000016609e-01,-8.799999999999990052e-01,-1.000000000000000000e+00,-3.599999999999976552e-01,4.300000000000021583e-01,4.400000000000012790e-01,-2.899999999999958167e-01,1.800000000000028244e-01,-8.699999999999989964e-01,6.700000000000032596e-01,-8.499999999999980904e-01,3.900000000000056755e-01,7.900000000000015898e-01,-1.000000000000000000e+00,1.600000000000028066e-01,-8.699999999999981082e-01,8.000000000000095923e-02,-6.699999999999952660e-01,1.900000000000010569e-01,4.600000000000030731e-01,5.700000000000022826e-01,-5.299999999999986944e-01,-1.000000000000000000e+00,-9.799999999999990941e-01,-1.000000000000000000e+00,4.000000000000181188e-02,6.500000000000014655e-01,-9.999999999999742428e-02,5.700000000000022826e-01,5.800000000000022915e-01,-1.000000000000000000e+00,-3.199999999999985079e-01,2.600000000000028955e-01,3.300000000000011813e-01,-7.199999999999988631e-01,7.800000000000015810e-01,-1.000000000000000000e+00,-1.000000000000000000e+00,8.800000000000025580e-01,-5.099999999999986766e-01,-4.999999999999977796e-01,-1.000000000000000000e+00,6.800000000000041567e-01,-6.699999999999979305e-01,-1.000000000000000000e+00,-5.999999999999943157e-01,-8.599999999999980993e-01,-3.599999999999994316e-01,9.000000000000016875e-01,-4.999999999999977796e-01,-1.000000000000000000e+00,-4.199999999999994849e-01,6.300000000000023359e-01,4.700000000000030820e-01,-1.000000000000000000e+00,4.500000000000030642e-01,-1.000000000000000000e+00,6.000000000000094147e-02,-1.000000000000000000e+00,-1.000000000000000000e+00,-9.999999999994679811e-03,-5.499999999999987121e-01,1.700000000000045919e-01,-5.399999999999978151e-01,-8.199999999999971756e-01,7.000000000000015099e-01,-7.099999999999979661e-01,-6.099999999999978773e-01,-1.000000000000000000e+00,-8.599999999999972111e-01
-4.699999999999995293e-01,-5.799999999999969624e-01,-1.000000000000000000e+00,-9.199999999999990408e-01,-5.599999999999987210e-01,-1.999999999999975131e-01,-9.999999999998232525e-03,-1.000000000000000000e+00,-5.099999999999977884e-01,-1.000000000000000000e+00,5.300000000000031353e-01,-7.399999999999988809e-01,-1.199999999999956657e-01,-1.000000000000000000e+00,2.600000000000020073e-01,-1.000000000000000000e+00,-1.599999999999983658e-01,-3.699999999999985523e-01,9.900000000000044320e-01,-1.000000000000000000e+00,2.664535259100375697e-15,1.800000000000028244e-01,-1.000000000000000000e+00,-1.000000000000000000e+00,-8.499999999999980904e-01,5.200000000000049027e-01,1.900000000000019451e-01,-1.000000000000000000e+00,6.900000000000023892e-01,-8.699999999999981082e-01,5.900000000000023004e-01,-1.000000000000000000e+00,1.900000000000010569e-01,3.900000000000038991e-01,-6.799999999999988276e-01,-5.299999999999986944e-01,-1.000000000000000000e+00,-1.000000000000000000e+00,-8.699999999999972200e-01,-1.000000000000000000e+00,6.500000000000014655e-01,-2.599999999999975664e-01,6.800000000000032685e-01,9.500000000000035083e-01,-1.000000000000000000e+00,2.500000000000011102e-01,-4.999999999999986677e-01,3.300000000000011813e-01,-1.000000000000000000e+00,7.800000000000015810e-01,-6.599999999999979217e-01,-9.999999999999742428e-02,6.400000000000014566e-01,-5.099999999999986766e-01,-4.999999999999977796e-01,-7.899999999999989253e-01,6.800000000000041567e-01,-6.699999999999979305e-01,-5.799999999999987388e-01,-6.999999999999961808e-01,-1.000000000000000000e+00,-1.000000000000000000e+00,9.000000000000016875e-01,-4.999999999999977796e-01,-1.000000000000000000e+00,-4.199999999999994849e-01,-7.499999999999988898e-01,4.200000000000030376e-01,-2.999999999999984901e-01,7.100000000000032951e-01,-3.199999999999985079e-01,6.000000000000094147e-02,-8.299999999999998490e-01,-1.000000000000000000e+00,-6.599999999999979217e-01,-1.000000000000000000e+00,1.700000000000045919e-01,-5.399999999999978151e-01,-8.199999999999971756e-01,5.600000000000022737e-01,-5.999999999999827693e-02,-4.099999999999968114e-01,-8.899999999999990141e-01,-1.599999999999965894e-01
3.200000000000020606e-01,-5.799999999999969624e-01,-3.299999999999985167e-01,-8.499999999999989786e-01,-1.999999999999735323e-02,-4.299999999999968292e-01,-1.599999999999983658e-01,-1.000000000000000000e+00,4.440892098500626162e-15,-1.000000000000000000e+00,5.300000000000031353e-01,-1.000000000000000000e+00,-1.399999999999965716e-01,-1.000000000000000000e+00,-1.000000000000000000e+00,-1.000000000000000000e+00,-1.000000000000000000e+00,-1.000000000000000000e+00,8.300000000000034017e-01,-2.699999999999984635e-01,-1.699999999999983746e-01,1.800000000000028244e-01,-1.000000000000000000e+00,6.700000000000032596e-01,-1.000000000000000000e+00,3.900000000000056755e-01,-6.999999999999828582e-02,-1.000000000000000000e+00,1.600000000000028066e-01,-1.000000000000000000e+00,5.900000000000023004e-01,-1.000000000000000000e+00,1.900000000000010569e-01,4.600000000000030731e-01,7.500000000000024425e-01,-1.599999999999974776e-01,-1.000000000000000000e+00,-5.799999999999996270e-01,-8.699999999999972200e-01,4.000000000000181188e-02,6.500000000000014655e-01,-7.699999999999989075e-01,6.200000000000041034e-01,5.800000000000022915e-01,-1.000000000000000000e+00,2.500000000000011102e-01,-1.000000000000000000e+00,1.000000000000018652e-01,-5.599999999999987210e-01,-9.999999999999742428e-02,-1.000000000000000000e+00,-2.799999999999984723e-01,6.400000000000014566e-01,-5.099999999999986766e-01,-4.999999999999977796e-01,-7.899999999999989253e-01,6.800000000000041567e-01,-6.699999999999979305e-01,-1.000000000000000000e+00,-6.999999999999961808e-01,-1.000000000000000000e+00,1.776356839400250465e-15,9.000000000000016875e-01,-4.999999999999977796e-01,-1.000000000000000000e+00,-4.199999999999994849e-01,-7.499999999999988898e-01,-2.899999999999984812e-01,-1.499999999999974687e-01,-2.699999999999984635e-01,-5.199999999999986855e-01,3.200000000000020606e-01,-3.999999999999825917e-02,-4.099999999999985878e-01,-6.599999999999979217e-01,-5.499999999999987121e-01,1.700000000000045919e-01,-7.599999999999962341e-01,-8.199999999999971756e-01,-1.299999999999983391e-01,-5.999999999999827693e-02,-6.099999999999978773e-01,-8.899999999999990141e-01,-8.599999999999972111e-01
-4.699999999999995293e-01,1.300000000000045564e-01,-1.000000000000000000e+00,-9.099999999999972555e-01,-7.099999999999979661e-01,-7.099999999999961897e-01,-1.599999999999983658e-01,-1.000000000000000000e+00,-5.099999999999977884e-01,-1.000000000000000000e+00,5.300000000000031353e-01,-1.000000000000000000e+00,-1.399999999999965716e-01,-2.199999999999984190e-01,8.700000000000016609e-01,-8.799999999999990052e-01,-1.000000000000000000e+00,-1.000000000000000000e+00,8.300000000000034017e-01,-1.000000000000000000e+00,-1.000000000000000000e+00,1.800000000000028244e-01,-1.000000000000000000e+00,6.700000000000032596e-01,-9.099999999999981437e-01,3.900000000000056755e-01,-6.999999999999828582e-02,-1.000000000000000000e+00,1.600000000000028066e-01,-1.000000000000000000e+00,5.900000000000023004e-01,-1.599999999999957012e-01,9.000000000000025757e-01,6.200000000000023270e-01,5.700000000000022826e-01,-5.299999999999986944e-01,-1.000000000000000000e+00,-1.799999999999983835e-01,-1.000000000000000000e+00,-9.999999999999742428e-02,6.500000000000014655e-01,-7.699999999999989075e-01,6.800000000000032685e-01,5.800000000000022915e-01,-1.000000000000000000e+00,2.500000000000011102e-01,-1.000000000000000000e+00,3.300000000000011813e-01,-5.599999999999987210e-01,7.800000000000015810e-01,5.800000000000058442e-01,-1.000000000000000000e+00,-1.000000000000000000e+00,-5.099999999999986766e-01,-4.999999999999977796e-01,-1.000000000000000000e+00,4.000000000000447642e-02,-6.699999999999979305e-01,-1.000000000000000000e+00,-3.799999999999950084e-01,-8.599999999999980993e-01,1.776356839400250465e-15,9.000000000000016875e-01,-2.099999999999957456e-01,-1.000000000000000000e+00,4.600000000000021849e-01,7.000000000000095035e-02,-1.000000000000000000e+00,-7.099999999999988542e-01,-2.499999999999975575e-01,-6.599999999999996980e-01,2.100000000000019629e-01,-9.299999999999990496e-01,-4.099999999999985878e-01,-6.599999999999979217e-01,-5.499999999999987121e-01,1.700000000000045919e-01,-5.399999999999978151e-01,-3.499999999999958700e-01,7.000000000000015099e-01,-7.499999999999980016e-01,-6.099999999999978773e-01,-8.899999999999990141e-01,4.500000000000039524e-01
-4.699999999999995293e-01,2.000000000000028422e-01,-3.299999999999985167e-01,-8.499999999999989786e-01,-5.599999999999987210e-01,-4.299999999999968292e-01,8.200000000000016165e-01,-1.000000000000000000e+00,-4.099999999999959233e-01,6.400000000000014566e-01,5.500000000000040412e-01,-2.999999999999825029e-02,-7.199999999999961986e-01,-1.000000000000000000e+00,8.700000000000016609e-01,-1.000000000000000000e+00,-1.000000000000000000e+00,-1.000000000000000000e+00,4.300000000000021583e-01,-2.999999999999976019e-01,2.664535259100375697e-15,1.200000000000045475e-01,-8.699999999999989964e-01,4.300000000000039346e-01,-9.999999999999742428e-02,3.900000000000056755e-01,1.900000000000019451e-01,-1.000000000000000000e+00,1.600000000000028066e-01,-1.000000000000000000e+00,9.100000000000034728e-01,-1.000000000000000000e+00,1.900000000000010569e-01,-7.999999999999740652e-02,5.700000000000022826e-01,-1.599999999999974776e-01,-6.999999999999988454e-01,-1.000000000000000000e+00,-1.000000000000000000e+00,4.000000000000181188e-02,6.500000000000014655e-01,-7.699999999999989075e-01,5.700000000000022826e-01,5.800000000000022915e-01,-1.000000000000000000e+00,-3.199999999999985079e-01,-1.000000000000000000e+00,3.300000000000011813e-01,-5.599999999999987210e-01,9.000000000000185629e-02,9.000000000000363265e-02,-2.799999999999984723e-01,6.400000000000014566e-01,-5.099999999999986766e-01,-4.999999999999977796e-01,-1.000000000000000000e+00,6.800000000000041567e-01,-6.699999999999979305e-01,-1.000000000000000000e+00,-1.299999999999947864e-01,-1.000000000000000000e+00,-3.599999999999994316e-01,9.000000000000185629e-02,-4.999999999999977796e-01,-9.799999999999990941e-01,-4.199999999999994849e-01,6.300000000000023359e-01,-5.599999999999978328e-01,-1.000000000000000000e+00,4.500000000000030642e-01,-6.599999999999996980e-01,6.000000000000094147e-02,-1.000000000000000000e+00,-1.000000000000000000e+00,-6.599999999999979217e-01,-5.499999999999987121e-01,1.700000000000045919e-01,-5.399999999999978151e-01,-8.199999999999971756e-01,7.000000000000015099e-01,3.800000000000030020e-01,-6.099999999999978773e-01,-8.899999999999990141e-01,-8.599999999999972111e-01
-1.000000000000000000e+00,2.000000000000028422e-01,1.800000000000028244e-01,-5.499999999999978240e-01,-5.599999999999987210e-01,-4.299999999999968292e-01,-1.000000000000000000e+00,-1.000000000000000000e+00,-5.099999999999977884e-01,6.400000000000014566e-01,5.300000000000031353e-01,-1.099999999999974332e-01,-1.399999999999965716e-01,-1.000000000000000000e+00,-7.999999999999829470e-02,-1.000000000000000000e+00,-1.599999999999983658e-01,-1.000000000000000000e+00,8.300000000000034017e-01,-1.000000000000000000e+00,2.664535259100375697e-15,1.200000000000045475e-01,-8.699999999999989964e-01,6.700000000000032596e-01,-9.199999999999990408e-01,3.900000000000056755e-01,1.900000000000019451e-01,-1.000000000000000000e+00,-1.499999999999965805e-01,-1.000000000000000000e+00,-8.999999999999990230e-01,-1.599999999999957012e-01,8.100000000000024958e-01,4.600000000000030731e-01,-1.000000000000000000e+00,-5.299999999999986944e-01,-1.000000000000000000e+00,-5.799999999999996270e-01,-8.699999999999972200e-01,5.500000000000022649e-01,6.500000000000014655e-01,-7.699999999999989075e-01,6.800000000000032685e-01,5.800000000000022915e-01,-1.000000000000000000e+00,9.700000000000026379e-01,-1.000000000000000000e+00,1.000000000000018652e-01,-7.199999999999988631e-01,9.000000000000185629e-02,-1.000000000000000000e+00,-1.000000000000000000e+00,6.400000000000014566e-01,-5.499999999999978240e-01,-4.999999999999977796e-01,-1.000000000000000000e+00,6.800000000000041567e-01,-2.199999999999975309e-01,-5.799999999999987388e-01,-1.299999999999947864e-01,-1.000000000000000000e+00,-3.599999999999994316e-01,9.000000000000016875e-01,-4.999999999999977796e-01,-9.799999999999990941e-01,-4.199999999999994849e-01,7.000000000000095035e-02,-2.899999999999984812e-01,-2.999999999999984901e-01,-2.699999999999984635e-01,-5.199999999999986855e-01,3.200000000000020606e-01,-1.499999999999974687e-01,-1.000000000000000000e+00,-1.000000000000000000e+00,-5.499999999999987121e-01,8.700000000000069900e-01,-1.000000000000000000e+00,-5.199999999999977973e-01,-1.299999999999983391e-01,-3.399999999999976374e-01,2.100000000000037392e-01,-1.000000000000000000e+00,-8.599999999999972111e-01
-4.699999999999995293e-01,-5.799999999999969624e-01,-3.299999999999985167e-01,-8.499999999999989786e-01,-5.599999999999987210e-01,-1.999999999999975131e-01,8.200000000000016165e-01,-3.399999999999985256e-01,6.600000000000059153e-01,-3.999999999999825917e-02,6.300000000000041123e-01,-1.000000000000000000e+00,-7.199999999999961986e-01,-1.000000000000000000e+00,1.600000000000019185e-01,-8.799999999999990052e-01,-1.599999999999983658e-01,-1.000000000000000000e+00,8.300000000000034017e-01,-1.000000000000000000e+00,-1.000000000000000000e+00,1.200000000000045475e-01,-1.000000000000000000e+00,6.700000000000032596e-01,-1.000000000000000000e+00,3.900000000000056755e-01,-6.999999999999828582e-02,-1.000000000000000000e+00,3.100000000000038280e-01,-8.699999999999981082e-01,9.100000000000034728e-01,-1.599999999999957012e-01,1.900000000000010569e-01,-7.999999999999740652e-02,5.700000000000022826e-01,-5.299999999999986944e-01,-1.000000000000000000e+00,-1.799999999999983835e-01,-8.699999999999972200e-01,-3.299999999999976286e-01,6.500000000000014655e-01,-7.699999999999989075e-01,6.800000000000032685e-01,5.800000000000022915e-01,-7.099999999999988542e-01,2.500000000000011102e-01,-1.000000000000000000e+00,3.300000000000011813e-01,-7.199999999999988631e-01,-2.899999999999975930e-01,-6.599999999999979217e-01,-2.799999999999984723e-01,-2.499999999999984457e-01,-5.099999999999986766e-01,-4.999999999999977796e-01,-1.000000000000000000e+00,6.800000000000041567e-01,-2.199999999999975309e-01,-5.799999999999987388e-01,-1.299999999999947864e-01,-8.599999999999980993e-01,-5.499999999999987121e-01,2.200000000000019718e-01,-4.999999999999977796e-01,-1.000000000000000000e+00,-4.199999999999994849e-01,-7.499999999999988898e-01,-2.899999999999984812e-01,5.200000000000031264e-01,-2.699999999999984635e-01,-6.599999999999996980e-01,3.200000000000020606e-01,-3.999999999999825917e-02,-1.000000000000000000e+00,-9.999999999994679811e-03,-5.499999999999987121e-01,1.700000000000045919e-01,-1.000000000000000000e+00,-8.199999999999971756e-01,-1.299999999999983391e-01,-1.000000000000000000e+00,-6.099999999999978773e-01,-8.899999999999990141e-01,-1.000000000000000000e+00
-1.000000000000000000e+00,2.000000000000028422e-01,-3.299999999999985167e-01,-8.499999999999989786e-01,-3.699999999999976641e-01,-1.999999999999975131e-01,-1.000000000000000000e+00,-1.000000000000000000e+00,-1.000000000000000000e+00,-1.000000000000000000e+00,5.300000000000031353e-01,-1.000000000000000000e+00,-1.399999999999965716e-01,-1.000000000000000000e+00,8.700000000000016609e-01,-8.799999999999990052e-01,-1.000000000000000000e+00,-9.199999999999990408e-01,8.300000000000034017e-01,-1.000000000000000000e+00,-2.899999999999958167e-01,1.800000000000028244e-01,-1.000000000000000000e+00,6.700000000000032596e-01,-8.499999999999980904e-01,3.900000000000056755e-01,-6.999999999999828582e-02,-1.000000000000000000e+00,6.900000000000023892e-01,-1.000000000000000000e+00,5.900000000000023004e-01,-1.599999999999957012e-01,1.900000000000010569e-01,4.600000000000030731e-01,-1.000000000000000000e+00,-5.299999999999986944e-01,-1.000000000000000000e+00,-1.799999999999983835e-01,-8.699999999999972200e-01,4.000000000000181188e-02,6.500000000000014655e-01,-7.699999999999989075e-01,5.700000000000022826e-01,5.800000000000022915e-01,-6.099999999999996536e-01,4.000000000000021316e-01,-1.000000000000000000e+00,-5.599999999999987210e-01,-5.599999999999987210e-01,7.800000000000015810e-01,-1.000000000000000000e+00,-1.000000000000000000e+00,6.400000000000014566e-01,-5.099999999999986766e-01,-4.999999999999977796e-01,-1.000000000000000000e+00,2.700000000000046807e-01,-2.199999999999975309e-01,-1.000000000000000000e+00,-1.000000000000000000e+00,-8.399999999999971934e-01,1.776356839400250465e-15,9.000000000000016875e-01,2.200000000000037481e-01,-9.699999999999990852e-01,-4.199999999999994849e-01,-7.499999999999988898e-01,-2.899999999999984812e-01,-2.999999999999984901e-01,-2.699999999999984635e-01,-6.599999999999996980e-01,5.400000000000031442e-01,-2.299999999999984279e-01,-1.000000000000000000e+00,-9.999999999994679811e-03,-4.999999999999382716e-02,1.700000000000045919e-01,-7.599999999999962341e-01,-8.199999999999971756e-01,4.100000000000030287e-01,-5.999999999999827693e-02,-6.099999999999978773e-01,-8.899999999999990141e-01,-8.599999999999972111e-01
-1.000000000000000000e+00,-5.799999999999969624e-01,-3.299999999999985167e-01,-1.000000000000000000e+00,-5.599999999999987210e-01,-5.799999999999987388e-01,-1.000000000000000000e+00,-1.000000000000000000e+00,-1.000000000000000000e+00,2.600000000000020073e-01,5.300000000000031353e-01,-1.000000000000000000e+00,-1.399999999999965716e-01,-1.000000000000000000e+00,8.700000000000016609e-01,-8.799999999999990052e-01,-1.599999999999983658e-01,-1.000000000000000000e+00,6.700000000000041478e-01,4.400000000000012790e-01,-2.899999999999958167e-01,1.800000000000028244e-01,-1.000000000000000000e+00,6.700000000000032596e-01,-1.000000000000000000e+00,3.900000000000056755e-01,1.900000000000019451e-01,-1.000000000000000000e+00,1.600000000000028066e-01,-1.000000000000000000e+00,-8.999999999999990230e-01,-1.000000000000000000e+00,1.900000000000010569e-01,4.600000000000030731e-01,-9.999999999999120703e-03,4.200000000000030376e-01,-1.000000000000000000e+00,-1.000000000000000000e+00,-1.000000000000000000e+00,4.000000000000181188e-02,6.500000000000014655e-01,-7.699999999999989075e-01,5.700000000000022826e-01,5.800000000000022915e-01,-6.099999999999996536e-01,4.000000000000021316e-01,-3.699999999999985523e-01,1.000000000000018652e-01,-1.000000000000000000e+00,1.100000000000018741e-01,-1.000000000000000000e+00,-1.000000000000000000e+00,6.400000000000014566e-01,-5.099999999999986766e-01,-1.000000000000000000e+00,-1.000000000000000000e+00,6.800000000000041567e-01,6.300000000000041123e-01,-1.000000000000000000e+00,9.000000000000540901e-02,-1.000000000000000000e+00,-1.000000000000000000e+00,9.000000000000016875e-01,2.200000000000037481e-01,-1.000000000000000000e+00,-4.199999999999994849e-01,-7.499999999999988898e-01,4.700000000000030820e-01,-1.000000000000000000e+00,-2.699999999999984635e-01,-1.000000000000000000e+00,3.200000000000020606e-01,-2.299999999999984279e-01,-1.000000000000000000e+00,-9.999999999994679811e-03,-4.999999999999382716e-02,1.700000000000045919e-01,-1.099999999999965450e-01,-8.199999999999971756e-01,4.100000000000030287e-01,-7.099999999999979661e-01,-5.699999999999969535e-01,-1.000000000000000000e+00,-8.599999999999972111e-01
-4.699999999999995293e-01,2.000000000000028422e-01,-3.299999999999985167e-01,-9.099999999999972555e-01,1.000000000000027534e-01,-5.799999999999987388e-01,-1.000000000000000000e+00,-1.000000000000000000e+00,5.200000000000057909e-01,-3.999999999999825917e-02,5.300000000000031353e-01,-1.000000000000000000e+00,-7.199999999999961986e-01,-9.799999999999973177e-01,8.700000000000016609e-01,-1.099999999999974332e-01,-1.599999999999983658e-01,-9.199999999999990408e-01,6.700000000000041478e-01,4.400000000000012790e-01,2.664535259100375697e-15,-8.699999999999954436e-01,-1.000000000000000000e+00,-1.000000000000000000e+00,-8.499999999999980904e-01,3.900000000000056755e-01,1.900000000000019451e-01,-1.000000000000000000e+00,1.600000000000028066e-01,-8.699999999999981082e-01,-8.999999999999990230e-01,-6.699999999999952660e-01,1.900000000000010569e-01,6.200000000000023270e-01,-9.999999999999120703e-03,-1.599999999999974776e-01,-1.000000000000000000e+00,-7.199999999999988631e-01,-1.000000000000000000e+00,4.000000000000181188e-02,6.500000000000014655e-01,-7.699999999999989075e-01,5.700000000000022826e-01,-3.099999999999976108e-01,-6.099999999999996536e-01,4.000000000000021316e-01,-3.699999999999985523e-01,-8.399999999999980815e-01,-1.000000000000000000e+00,-1.000000000000000000e+00,-1.000000000000000000e+00,-1.000000000000000000e+00,6.400000000000014566e-01,-5.099999999999986766e-01,-1.000000000000000000e+00,-1.000000000000000000e+00,-9.699999999999990852e-01,4.200000000000039257e-01,-1.000000000000000000e+00,9.000000000000540901e-02,-1.000000000000000000e+00,-7.099999999999979661e-01,9.000000000000016875e-01,-4.999999999999977796e-01,-9.699999999999990852e-01,-4.199999999999994849e-01,-9.999999999999982236e-01,4.700000000000030820e-01,-2.999999999999984901e-01,-2.699999999999984635e-01,-5.199999999999986855e-01,4.600000000000021849e-01,-1.000000000000000000e+00,-1.000000000000000000e+00,-6.599999999999979217e-01,-4.999999999999382716e-02,2.300000000000055334e-01,-5.399999999999978151e-01,-9.899999999999964384e-01,4.100000000000030287e-01,-7.099999999999979661e-01,-6.099999999999978773e-01,-1.000000000000000000e+00,-8.599999999999972111e-01
-7.399999999999988809e-01,2.000000000000028422e-01,-1.000000000000000000e+00,-1.399999999999974598e-01,2.400000000000028777e-01,-1.499999999999974687e-01,-9.999999999998232525e-03,-1.000000000000000000e+00,-5.099999999999977884e-01,-1.000000000000000000e+00,5.300000000000031353e-01,-1.000000000000000000e+00,-1.699999999999965983e-01,-2.199999999999984190e-01,4.600000000000030731e-01,-8.799999999999990052e-01,-1.000000000000000000e+00,-1.000000000000000000e+00,9.900000000000044320e-01,2.500000000000037748e-01,-2.899999999999984812e-01,1.800000000000028244e-01,-4.999999999999986677e-01,6.700000000000032596e-01,-8.499999999999980904e-01,8.100000000000060485e-01,7.900000000000015898e-01,-1.000000000000000000e+00,1.600000000000028066e-01,-8.699999999999981082e-01,-7.099999999999988542e-01,-1.599999999999957012e-01,1.900000000000010569e-01,4.600000000000030731e-01,-3.899999999999976819e-01,-1.999999999999975131e-01,-1.000000000000000000e+00,-5.799999999999996270e-01,-1.000000000000000000e+00,-1.000000000000000000e+00,6.500000000000014655e-01,-7.699999999999989075e-01,9.600000000000026290e-01,9.500000000000035083e-01,-1.000000000000000000e+00,4.000000000000181188e-02,-1.000000000000000000e+00,3.300000000000011813e-01,-7.299999999999988720e-01,7.800000000000015810e-01,-1.000000000000000000e+00,-9.999999999999742428e-02,-1.000000000000000000e+00,-5.099999999999986766e-01,-4.999999999999977796e-01,-1.000000000000000000e+00,-1.000000000000000000e+00,-6.699999999999979305e-01,-5.799999999999987388e-01,-6.999999999999961808e-01,-8.599999999999980993e-01,-7.399999999999988809e-01,9.000000000000016875e-01,-4.999999999999977796e-01,-1.000000000000000000e+00,-4.199999999999994849e-01,-7.499999999999988898e-01,-2.899999999999984812e-01,-1.000000000000000000e+00,6.000000000000360600e-02,4.700000000000030820e-01,6.000000000000094147e-02,-8.299999999999998490e-01,-1.000000000000000000e+00,-6.599999999999979217e-01,-1.000000000000000000e+00,4.100000000000021405e-01,-5.399999999999978151e-01,-2.999999999999976019e-01,2.800000000000038014e-01,-5.999999999999827693e-02,-6.199999999999969980e-01,-8.099999999999989431e-01,4.500000000000039524e-01
-7.399999999999988809e-01,-1.199999999999965539e-01,-3.299999999999985167e-01,-1.000000000000000000e+00,-5.599999999999987210e-01,-1.499999999999974687e-01,-1.599999999999983658e-01,-1.000000000000000000e+00,-5.999999999999561240e-02,-1.000000000000000000e+00,5.300000000000031353e-01,-1.000000000000000000e+00,-1.399999999999965716e-01,-1.000000000000000000e+00,4.600000000000030731e-01,-8.799999999999990052e-01,-1.599999999999983658e-01,-1.000000000000000000e+00,9.900000000000044320e-01,-6.599999999999961453e-01,-2.899999999999984812e-01,1.800000000000028244e-01,-1.000000000000000000e+00,-2.199999999999966427e-01,-6.199999999999978861e-01,5.200000000000049027e-01,7.900000000000015898e-01,-1.000000000000000000e+00,6.900000000000023892e-01,-8.699999999999981082e-01,-8.999999999999990230e-01,-1.000000000000000000e+00,9.000000000000025757e-01,4.600000000000030731e-01,-6.799999999999988276e-01,-5.299999999999986944e-01,-1.000000000000000000e+00,-1.000000000000000000e+00,-1.000000000000000000e+00,4.000000000000181188e-02,6.500000000000014655e-01,-7.699999999999989075e-01,9.600000000000026290e-01,5.800000000000022915e-01,-1.000000000000000000e+00,9.900000000000026557e-01,-1.000000000000000000e+00,1.000000000000018652e-01,-1.000000000000000000e+00,8.100000000000024958e-01,-6.599999999999979217e-01,-1.000000000000000000e+00,-3.399999999999985256e-01,1.000000000000267342e-02,-4.999999999999977796e-01,-7.899999999999998135e-01,6.800000000000041567e-01,-6.699999999999979305e-01,-1.000000000000000000e+00,-6.999999999999961808e-01,-1.000000000000000000e+00,1.776356839400250465e-15,9.000000000000016875e-01,2.200000000000037481e-01,-1.000000000000000000e+00,-4.199999999999994849e-01,-7.499999999999988898e-01,-2.899999999999984812e-01,-1.000000000000000000e+00,-2.699999999999984635e-01,-5.199999999999986855e-01,4.600000000000021849e-01,-9.299999999999990496e-01,-1.000000000000000000e+00,-6.599999999999979217e-01,-5.499999999999987121e-01,2.300000000000055334e-01,-3.199999999999967315e-01,-2.999999999999976019e-01,2.800000000000038014e-01,-5.999999999999827693e-02,-1.000000000000000000e+00,-8.899999999999990141e-01,-8.599999999999972111e-01
-1.000000000000000000e+00,-1.199999999999965539e-01,-3.299999999999985167e-01,-8.499999999999989786e-01,-5.599999999999987210e-01,-5.799999999999987388e-01,-1.599999999999983658e-01,-1.000000000000000000e+00,-1.000000000000000000e+00,-1.000000000000000000e+00,5.300000000000031353e-01,-1.000000000000000000e+00,-1.399999999999965716e-01,-1.000000000000000000e+00,8.700000000000016609e-01,-8.799999999999990052e-01,-1.599999999999983658e-01,-1.000000000000000000e+00,6.700000000000041478e-01,4.400000000000012790e-01,-2.899999999999958167e-01,1.800000000000028244e-01,-1.000000000000000000e+00,6.700000000000032596e-01,-8.499999999999980904e-01,-9.999999999999387157e-02,1.900000000000019451e-01,-1.000000000000000000e+00,6.900000000000023892e-01,-1.000000000000000000e+00,-8.999999999999990230e-01,-1.000000000000000000e+00,1.900000000000010569e-01,4.600000000000030731e-01,-9.999999999999120703e-03,-5.299999999999986944e-01,-1.000000000000000000e+00,-1.000000000000000000e+00,-1.000000000000000000e+00,4.000000000000181188e-02,6.500000000000014655e-01,-7.699999999999989075e-01,5.700000000000022826e-01,5.800000000000022915e-01,-6.099999999999996536e-01,4.000000000000021316e-01,-1.000000000000000000e+00,-5.599999999999987210e-01,-1.000000000000000000e+00,7.800000000000015810e-01,-1.000000000000000000e+00,-1.000000000000000000e+00,4.300000000000021583e-01,3.200000000000029488e-01,-1.000000000000000000e+00,-1.000000000000000000e+00,6.800000000000041567e-01,-2.199999999999975309e-01,-1.000000000000000000e+00,-6.999999999999961808e-01,-8.399999999999971934e-01,-1.000000000000000000e+00,9.000000000000016875e-01,7.500000000000051070e-01,-9.699999999999990852e-01,-4.199999999999994849e-01,-7.499999999999988898e-01,4.700000000000030820e-01,-2.999999999999984901e-01,6.000000000000031974e-01,-1.000000000000000000e+00,3.200000000000020606e-01,-2.299999999999984279e-01,-1.000000000000000000e+00,-3.399999999999958611e-01,-5.499999999999987121e-01,1.700000000000045919e-01,-5.399999999999978151e-01,-8.199999999999971756e-01,4.100000000000030287e-01,-7.099999999999979661e-01,-9.999999999999973355e-01,-8.899999999999990141e-01,-8.599999999999972111e-01
-4.699999999999995293e-01,-2.999999999999967137e-01,-3.299999999999985167e-01,-5.499999999999978240e-01,-5.599999999999987210e-01,-1.999999999999975131e-01,2.300000000000019806e-01,-1.000000000000000000e+00,-5.099999999999977884e-01,6.400000000000014566e-01,5.500000000000040412e-01,-2.999999999999825029e-02,-1.399999999999965716e-01,-1.000000000000000000e+00,-5.299999999999978062e-01,-1.599999999999974776e-01,-9.699999999999981970e-01,-1.000000000000000000e+00,4.300000000000021583e-01,-2.999999999999976019e-01,2.664535259100375697e-15,1.800000000000028244e-01,-1.000000000000000000e+00,6.700000000000032596e-01,-9.999999999999742428e-02,5.200000000000049027e-01,-6.999999999999828582e-02,-1.000000000000000000e+00,1.600000000000028066e-01,-1.000000000000000000e+00,8.000000000000095923e-02,-1.599999999999957012e-01,1.900000000000010569e-01,9.000000000000043521e-01,-1.000000000000000000e+00,-5.299999999999986944e-01,-1.000000000000000000e+00,-5.799999999999996270e-01,-1.000000000000000000e+00,5.500000000000022649e-01,9.000000000000185629e-02,-7.699999999999989075e-01,-9.999999999999742428e-02,5.800000000000022915e-01,-1.000000000000000000e+00,-3.199999999999985079e-01,2.600000000000028955e-01,3.300000000000011813e-01,-5.599999999999987210e-01,7.800000000000015810e-01,7.200000000000033040e-01,-1.000000000000000000e+00,8.800000000000025580e-01,-5.099999999999986766e-01,-1.000000000000000000e+00,-7.899999999999989253e-01,6.800000000000041567e-01,-2.199999999999975309e-01,-7.699999999999989075e-01,-1.299999999999947864e-01,-8.599999999999980993e-01,-3.599999999999994316e-01,9.000000000000016875e-01,-4.999999999999977796e-01,-5.299999999999986944e-01,-4.199999999999994849e-01,7.000000000000095035e-02,4.700000000000030820e-01,-1.000000000000000000e+00,8.900000000000043432e-01,-6.599999999999996980e-01,3.200000000000020606e-01,-1.000000000000000000e+00,-1.000000000000000000e+00,-9.999999999999653610e-02,1.900000000000028333e-01,1.800000000000054889e-01,-5.399999999999978151e-01,-8.199999999999971756e-01,4.100000000000030287e-01,-5.999999999999827693e-02,-8.599999999999972111e-01,-1.000000000000000000e+00,-8.599999999999972111e-01
-2.299999999999984279e-01,2.000000000000028422e-01,-3.299999999999985167e-01,-9.099999999999972555e-01,-7.099999999999979661e-01,-5.799999999999987388e-01,8.200000000000016165e-01,-1.000000000000000000e+00,-5.099999999999977884e-01,-1.000000000000000000e+00,5.300000000000031353e-01,-1.000000000000000000e+00,-1.399999999999965716e-01,-9.799999999999973177e-01,3.000000000000357936e-02,-8.799999999999990052e-01,-1.000000000000000000e+00,-9.199999999999990408e-01,8.200000000000033928e-01,4.400000000000012790e-01,2.664535259100375697e-15,1.800000000000028244e-01,-8.699999999999989964e-01,6.700000000000032596e-01,-8.499999999999980904e-01,3.900000000000056755e-01,1.400000000000027889e-01,-1.000000000000000000e+00,1.600000000000028066e-01,-8.699999999999981082e-01,5.900000000000023004e-01,-6.699999999999952660e-01,6.600000000000032507e-01,6.200000000000023270e-01,8.100000000000024958e-01,-5.299999999999986944e-01,-1.000000000000000000e+00,-1.000000000000000000e+00,-8.499999999999989786e-01,-1.000000000000000000e+00,6.500000000000014655e-01,2.600000000000037836e-01,5.700000000000022826e-01,5.800000000000022915e-01,-6.099999999999996536e-01,4.000000000000021316e-01,-1.000000000000000000e+00,-5.599999999999987210e-01,-7.199999999999988631e-01,7.800000000000015810e-01,-1.000000000000000000e+00,-1.000000000000000000e+00,-1.000000000000000000e+00,-5.099999999999986766e-01,-1.000000000000000000e+00,-1.000000000000000000e+00,6.800000000000041567e-01,-2.199999999999975309e-01,-7.299999999999988720e-01,9.000000000000540901e-02,-3.399999999999985256e-01,-3.599999999999994316e-01,9.000000000000016875e-01,-4.999999999999977796e-01,-1.000000000000000000e+00,-4.199999999999994849e-01,-6.499999999999970246e-01,-1.000000000000000000e+00,-1.000000000000000000e+00,-2.699999999999984635e-01,-1.000000000000000000e+00,4.600000000000021849e-01,-9.299999999999990496e-01,-1.000000000000000000e+00,-9.999999999994679811e-03,-1.999999999999824141e-02,1.700000000000045919e-01,-5.399999999999978151e-01,-8.199999999999971756e-01,4.100000000000030287e-01,-7.099999999999979661e-01,1.200000000000036593e-01,-8.899999999999990141e-01,-8.599999999999972111e-01
-4.699999999999995293e-01,2.000000000000028422e-01,-1.599999999999974776e-01,-8.499999999999989786e-01,-7.099999999999979661e-01,-1.599999999999965894e-01,8.200000000000016165e-01,-1.000000000000000000e+00,4.440892098500626162e-15,-3.999999999999825917e-02,5.300000000000031353e-01,-1.000000000000000000e+00,-7.199999999999961986e-01,2.000000000000268230e-02,8.700000000000016609e-01,-8.799999999999990052e-01,-1.000000000000000000e+00,-1.000000000000000000e+00,-1.000000000000000000e+00,4.400000000000012790e-01,2.664535259100375697e-15,1.800000000000028244e-01,-1.000000000000000000e+00,6.700000000000032596e-01,-1.000000000000000000e+00,3.900000000000056755e-01,1.900000000000019451e-01,-1.000000000000000000e+00,1.600000000000028066e-01,-8.699999999999981082e-01,9.100000000000034728e-01,-1.599999999999957012e-01,1.900000000000010569e-01,-7.999999999999740652e-02,7.500000000000024425e-01,-5.299999999999986944e-01,-1.000000000000000000e+00,-9.399999999999990585e-01,-8.699999999999972200e-01,4.000000000000181188e-02,6.500000000000014655e-01,-7.699999999999989075e-01,9.600000000000026290e-01,5.800000000000022915e-01,-1.000000000000000000e+00,2.500000000000011102e-01,-1.000000000000000000e+00,1.000000000000018652e-01,-7.199999999999988631e-01,7.800000000000015810e-01,5.800000000000058442e-01,-1.000000000000000000e+00,-1.000000000000000000e+00,-5.099999999999986766e-01,-1.000000000000000000e+00,-1.000000000000000000e+00,6.800000000000041567e-01,-2.199999999999975309e-01,-5.799999999999987388e-01,-3.799999999999950084e-01,-1.000000000000000000e+00,-3.599999999999994316e-01,9.000000000000016875e-01,-4.999999999999977796e-01,-1.000000000000000000e+00,-4.199999999999994849e-01,7.000000000000095035e-02,-1.000000000000000000e+00,-2.999999999999984901e-01,-2.699999999999984635e-01,-1.000000000000000000e+00,3.200000000000020606e-01,-4.899999999999986589e-01,-1.000000000000000000e+00,-6.599999999999979217e-01,1.300000000000027800e-01,1.700000000000045919e-01,-6.199999999999987743e-01,-3.499999999999958700e-01,7.000000000000015099e-01,-5.999999999999827693e-02,-6.099999999999978773e-01,-8.899999999999990141e-01,-1.899999999999957279e-01
-1.000000000000000000e+00,2.000000000000028422e-01,-4.699999999999986411e-01,-9.099999999999972555e-01,-5.599999999999987210e-01,-5.799999999999987388e-01,-1.000000000000000000e+00,-1.000000000000000000e+00,-5.099999999999977884e-01,2.600000000000020073e-01,5.300000000000031353e-01,-7.399999999999988809e-01,-1.399999999999965716e-01,-9.799999999999973177e-01,8.700000000000016609e-01,-8.799999999999990052e-01,-1.000000000000000000e+00,-3.699999999999985523e-01,6.000000000000449418e-02,4.400000000000012790e-01,-2.899999999999958167e-01,1.800000000000028244e-01,-1.000000000000000000e+00,6.700000000000032596e-01,-8.499999999999980904e-01,-1.599999999999939249e-01,-1.000000000000000000e+00,-1.000000000000000000e+00,1.600000000000028066e-01,-8.699999999999981082e-01,8.000000000000095923e-02,-6.999999999999384492e-02,1.900000000000010569e-01,6.200000000000023270e-01,-6.799999999999988276e-01,-5.299999999999986944e-01,-1.000000000000000000e+00,-1.000000000000000000e+00,-1.000000000000000000e+00,-1.000000000000000000e+00,6.500000000000014655e-01,-9.999999999999742428e-02,5.700000000000022826e-01,4.800000000000039790e-01,-6.099999999999996536e-01,4.000000000000021316e-01,-1.000000000000000000e+00,-5.599999999999987210e-01,-7.299999999999988720e-01,7.800000000000015810e-01,-6.599999999999979217e-01,-1.000000000000000000e+00,6.400000000000014566e-01,-5.099999999999986766e-01,4.100000000000039169e-01,-1.000000000000000000e+00,6.800000000000041567e-01,-2.199999999999975309e-01,-5.799999999999987388e-01,-6.999999999999961808e-01,-8.599999999999980993e-01,-3.599999999999994316e-01,9.000000000000016875e-01,-4.999999999999977796e-01,-1.000000000000000000e+00,-4.199999999999994849e-01,-2.799999999999975842e-01,4.700000000000030820e-01,-1.000000000000000000e+00,-2.699999999999984635e-01,-1.000000000000000000e+00,6.000000000000094147e-02,-2.299999999999984279e-01,-1.000000000000000000e+00,-9.999999999994679811e-03,-4.999999999999382716e-02,1.700000000000045919e-01,-5.399999999999978151e-01,-6.899999999999970601e-01,4.100000000000030287e-01,-5.999999999999827693e-02,-6.199999999999969980e-01,-1.000000000000000000e+00,-1.599999999999965894e-01
-4.699999999999995293e-01,-5.799999999999969624e-01,-5.899999999999978595e-01,-8.499999999999989786e-01,-5.599999999999987210e-01,-1.999999999999975131e-01,-1.599999999999983658e-01,-1.000000000000000000e+00,-1.000000000000000000e+00,-1.000000000000000000e+00,6.300000000000041123e-01,-1.000000000000000000e+00,-1.399999999999965716e-01,-1.000000000000000000e+00,8.700000000000016609e-01,-1.000000000000000000e+00,-1.000000000000000000e+00,-1.000000000000000000e+00,8.300000000000034017e-01,-1.000000000000000000e+00,-1.000000000000000000e+00,1.800000000000028244e-01,-1.000000000000000000e+00,6.700000000000032596e-01,-9.199999999999990408e-01,5.200000000000049027e-01,-6.999999999999828582e-02,-1.000000000000000000e+00,6.900000000000023892e-01,-1.000000000000000000e+00,5.900000000000023004e-01,-1.000000000000000000e+00,1.900000000000010569e-01,4.600000000000030731e-01,5.700000000000022826e-01,-6.099999999999978773e-01,-1.000000000000000000e+00,-1.799999999999983835e-01,-8.699999999999972200e-01,4.000000000000181188e-02,6.500000000000014655e-01,-7.699999999999989075e-01,6.800000000000032685e-01,5.800000000000022915e-01,-1.000000000000000000e+00,2.500000000000011102e-01,-1.000000000000000000e+00,3.300000000000011813e-01,-5.599999999999987210e-01,7.800000000000015810e-01,-6.599999999999979217e-01,-1.000000000000000000e+00,-1.000000000000000000e+00,-5.099999999999986766e-01,-4.999999999999977796e-01,-7.899999999999989253e-01,6.800000000000041567e-01,-6.699999999999979305e-01,-1.000000000000000000e+00,-3.199999999999949551e-01,-1.000000000000000000e+00,-1.000000000000000000e+00,9.000000000000016875e-01,2.200000000000037481e-01,-1.000000000000000000e+00,-4.199999999999994849e-01,-7.499999999999988898e-01,-2.899999999999984812e-01,-2.999999999999984901e-01,-2.699999999999984635e-01,5.000000000000182077e-02,3.200000000000020606e-01,-3.999999999999825917e-02,-4.099999999999985878e-01,-3.399999999999958611e-01,-5.499999999999987121e-01,2.300000000000055334e-01,-3.199999999999967315e-01,-8.199999999999971756e-01,3.900000000000030109e-01,-5.999999999999827693e-02,-6.099999999999978773e-01,-1.000000000000000000e+00,-8.599999999999972111e-01
-7.399999999999988809e-01,-5.399999999999969269e-01,-3.299999999999985167e-01,-8.499999999999989786e-01,-5.599999999999987210e-01,-1.499999999999974687e-01,2.300000000000019806e-01,-1.000000000000000000e+00,-4.199999999999968203e-01,-1.000000000000000000e+00,-5.999999999999561240e-02,-1.000000000000000000e+00,-1.399999999999965716e-01,-2.199999999999984190e-01,8.700000000000016609e-01,-1.599999999999974776e-01,-1.000000000000000000e+00,-1.000000000000000000e+00,4.300000000000021583e-01,-6.599999999999961453e-01,4.800000000000030909e-01,1.800000000000028244e-01,-4.999999999999986677e-01,6.700000000000032596e-01,-9.199999999999990408e-01,5.200000000000049027e-01,-6.999999999999828582e-02,-1.000000000000000000e+00,1.600000000000028066e-01,-8.699999999999981082e-01,-8.999999999999990230e-01,-1.599999999999957012e-01,1.900000000000010569e-01,6.200000000000023270e-01,5.700000000000022826e-01,-5.299999999999986944e-01,-1.000000000000000000e+00,-1.000000000000000000e+00,-1.000000000000000000e+00,4.000000000000181188e-02,6.500000000000014655e-01,-7.699999999999989075e-01,5.700000000000022826e-01,9.500000000000035083e-01,-1.000000000000000000e+00,-3.199999999999985079e-01,-1.000000000000000000e+00,3.300000000000011813e-01,-5.099999999999986766e-01,7.800000000000015810e-01,7.200000000000033040e-01,-1.000000000000000000e+00,-1.000000000000000000e+00,-5.099999999999986766e-01,-4.999999999999977796e-01,-7.899999999999989253e-01,6.800000000000041567e-01,-6.699999999999979305e-01,-9.299999999999981615e-01,-1.299999999999947864e-01,-8.599999999999980993e-01,-3.599999999999994316e-01,9.100000000000025846e-01,-4.999999999999977796e-01,-1.000000000000000000e+00,-4.199999999999994849e-01,6.300000000000023359e-01,-2.999999999999647393e-02,-1.000000000000000000e+00,6.000000000000360600e-02,-1.000000000000000000e+00,-1.000000000000000000e+00,-1.000000000000000000e+00,-1.000000000000000000e+00,-9.999999999999653610e-02,-1.099999999999929923e-01,1.700000000000045919e-01,-5.399999999999978151e-01,-2.999999999999976019e-01,7.000000000000015099e-01,-5.999999999999827693e-02,-6.099999999999978773e-01,-1.000000000000000000e+00,4.500000000000039524e-01
-4.699999999999995293e-01,2.000000000000028422e-01,-1.599999999999974776e-01,-5.499999999999978240e-01,-7.099999999999979661e-01,-1.599999999999965894e-01,-1.000000000000000000e+00,-1.000000000000000000e+00,-8.999999999999972466e-01,6.400000000000014566e-01,5.300000000000031353e-01,-1.099999999999974332e-01,6.600000000000050271e-01,-2.199999999999984190e-01,-7.999999999999829470e-02,-8.799999999999990052e-01,-1.000000000000000000e+00,-1.000000000000000000e+00,8.200000000000033928e-01,4.400000000000012790e-01,2.664535259100375697e-15,1.800000000000028244e-01,-1.000000000000000000e+00,6.700000000000032596e-01,-1.000000000000000000e+00,3.900000000000056755e-01,-3.599999999999976552e-01,-1.000000000000000000e+00,4.500000000000039524e-01,-1.000000000000000000e+00,5.900000000000023004e-01,-1.599999999999957012e-01,9.000000000000025757e-01,6.200000000000023270e-01,-1.000000000000000000e+00,-9.199999999999981526e-01,-2.699999999999984635e-01,-5.799999999999996270e-01,-8.899999999999990141e-01,9.000000000000185629e-02,2.700000000000029043e-01,-1.000000000000000000e+00,-1.199999999999965539e-01,5.800000000000022915e-01,-1.000000000000000000e+00,2.500000000000011102e-01,-1.000000000000000000e+00,3.300000000000011813e-01,-5.599999999999987210e-01,7.800000000000015810e-01,-1.899999999999983924e-01,-1.000000000000000000e+00,8.800000000000025580e-01,-5.099999999999986766e-01,-4.999999999999977796e-01,-7.899999999999989253e-01,-1.000000000000000000e+00,1.400000000000036771e-01,-7.699999999999989075e-01,-1.299999999999947864e-01,-3.399999999999985256e-01,-3.599999999999994316e-01,9.000000000000016875e-01,-4.999999999999977796e-01,-1.000000000000000000e+00,-4.199999999999994849e-01,7.000000000000095035e-02,-2.899999999999984812e-01,-1.000000000000000000e+00,-2.499999999999975575e-01,-1.000000000000000000e+00,3.200000000000020606e-01,-1.000000000000000000e+00,-1.000000000000000000e+00,-6.599999999999979217e-01,-1.000000000000000000e+00,1.000000000000063061e-01,-1.000000000000000000e+00,-3.499999999999958700e-01,4.100000000000030287e-01,-5.999999999999827693e-02,-3.499999999999967581e-01,-8.899999999999990141e-01,-1.000000000000000000e+00
-1.000000000000000000e+00,2.000000000000028422e-01,-1.000000000000000000e+00,-9.199999999999990408e-01,4.000000000000270006e-02,-1.499999999999974687e-01,-1.599999999999983658e-01,-1.000000000000000000e+00,-1.000000000000000000e+00,3.900000000000021227e-01,5.300000000000031353e-01,-7.399999999999988809e-01,-1.399999999999965716e-01,-9.799999999999973177e-01,9.400000000000026112e-01,-8.799999999999990052e-01,-1.000000000000000000e+00,-3.699999999999985523e-01,9.900000000000044320e-01,-1.000000000000000000e+00,-1.000000000000000000e+00,8.700000000000043254e-01,-1.000000000000000000e+00,6.700000000000032596e-01,-8.499999999999980904e-01,8.100000000000060485e-01,-6.999999999999828582e-02,-1.000000000000000000e+00,1.600000000000028066e-01,-8.699999999999981082e-01,5.900000000000023004e-01,2.500000000000055511e-01,1.900000000000010569e-01,4.600000000000030731e-01,5.700000000000022826e-01,-5.299999999999986944e-01,-1.000000000000000000e+00,-1.799999999999983835e-01,-8.699999999999972200e-01,-1.000000000000000000e+00,6.500000000000014655e-01,-7.699999999999989075e-01,6.800000000000032685e-01,9.500000000000035083e-01,-1.000000000000000000e+00,2.500000000000011102e-01,-1.000000000000000000e+00,3.300000000000011813e-01,-5.599999999999987210e-01,7.800000000000015810e-01,-6.599999999999979217e-01,-1.000000000000000000e+00,-9.999999999999742428e-02,-5.099999999999986766e-01,-4.999999999999977796e-01,-7.899999999999989253e-01,6.800000000000041567e-01,-2.199999999999975309e-01,-1.000000000000000000e+00,-3.999999999999950262e-01,-5.599999999999969447e-01,-3.599999999999994316e-01,9.000000000000016875e-01,-4.999999999999977796e-01,-1.000000000000000000e+00,-4.199999999999994849e-01,-7.499999999999988898e-01,-2.899999999999984812e-01,-1.899999999999975042e-01,-2.699999999999984635e-01,-3.199999999999985079e-01,3.200000000000020606e-01,-3.999999999999825917e-02,-4.099999999999985878e-01,-9.999999999994679811e-03,-1.000000000000000000e+00,1.700000000000045919e-01,-7.599999999999962341e-01,-6.899999999999970601e-01,4.100000000000030287e-01,-5.999999999999827693e-02,-6.099999999999978773e-01,-1.000000000000000000e+00,-1.599999999999965894e-01
-1.000000000000000000e+00,2.000000000000028422e-01,-3.299999999999985167e-01,-8.499999999999989786e-01,-5.599999999999987210e-01,-1.999999999999975131e-01,8.200000000000016165e-01,-1.000000000000000000e+00,-1.000000000000000000e+00,-1.000000000000000000e+00,5.500000000000040412e-01,-1.000000000000000000e+00,2.300000000000046452e-01,-1.000000000000000000e+00,8.700000000000016609e-01,-8.799999999999990052e-01,-1.599999999999983658e-01,-1.000000000000000000e+00,-1.000000000000000000e+00,-1.000000000000000000e+00,2.664535259100375697e-15,1.800000000000028244e-01,-1.000000000000000000e+00,6.700000000000032596e-01,-1.000000000000000000e+00,5.200000000000049027e-01,1.900000000000019451e-01,-1.000000000000000000e+00,1.600000000000028066e-01,-1.000000000000000000e+00,5.900000000000023004e-01,-1.599999999999957012e-01,1.900000000000010569e-01,4.600000000000030731e-01,-9.999999999999120703e-03,-1.899999999999975042e-01,-1.000000000000000000e+00,-1.000000000000000000e+00,-8.699999999999972200e-01,5.500000000000022649e-01,-3.499999999999976463e-01,-7.699999999999989075e-01,7.500000000000033307e-01,5.800000000000022915e-01,-1.000000000000000000e+00,2.500000000000011102e-01,-2.799999999999975842e-01,1.000000000000018652e-01,-5.599999999999987210e-01,7.800000000000015810e-01,-6.599999999999979217e-01,-1.000000000000000000e+00,8.800000000000025580e-01,-5.099999999999986766e-01,-4.999999999999977796e-01,-7.899999999999989253e-01,6.800000000000041567e-01,-2.199999999999975309e-01,-7.699999999999989075e-01,-6.999999999999961808e-01,-1.000000000000000000e+00,-3.599999999999994316e-01,9.000000000000016875e-01,-4.999999999999977796e-01,-5.299999999999986944e-01,-4.199999999999994849e-01,7.000000000000095035e-02,-2.899999999999984812e-01,-2.999999999999984901e-01,-2.699999999999984635e-01,-2.999999999999825029e-02,3.200000000000020606e-01,-1.000000000000000000e+00,-1.000000000000000000e+00,-6.599999999999979217e-01,-5.499999999999987121e-01,1.800000000000054889e-01,-3.199999999999967315e-01,-5.199999999999977973e-01,3.900000000000030109e-01,-5.999999999999827693e-02,-6.099999999999978773e-01,-8.899999999999990141e-01,-8.599999999999972111e-01
-7.399999999999988809e-01,2.000000000000028422e-01,-3.299999999999985167e-01,-5.499999999999978240e-01,-5.599999999999987210e-01,-1.999999999999975131e-01,8.200000000000016165e-01,-1.000000000000000000e+00,-3.599999999999967670e-01,6.400000000000014566e-01,5.500000000000040412e-01,-1.099999999999974332e-01,-1.399999999999965716e-01,-1.000000000000000000e+00,-7.999999999999829470e-02,-8.799999999999990052e-01,-6.799999999999988276e-01,-1.000000000000000000e+00,4.300000000000021583e-01,4.400000000000012790e-01,2.664535259100375697e-15,1.800000000000028244e-01,-1.000000000000000000e+00,6.700000000000032596e-01,-9.199999999999990408e-01,5.200000000000049027e-01,7.900000000000015898e-01,-1.000000000000000000e+00,1.600000000000028066e-01,-1.000000000000000000e+00,-8.999999999999990230e-01,-1.599999999999957012e-01,-5.899999999999987477e-01,6.200000000000023270e-01,-1.000000000000000000e+00,-5.299999999999986944e-01,-1.000000000000000000e+00,-5.799999999999996270e-01,-1.000000000000000000e+00,-1.299999999999983391e-01,6.500000000000014655e-01,-7.699999999999989075e-01,7.500000000000033307e-01,5.800000000000022915e-01,-1.000000000000000000e+00,2.500000000000011102e-01,-3.699999999999985523e-01,7.700000000000024603e-01,-7.199999999999988631e-01,-1.000000000000000000e+00,-1.000000000000000000e+00,-1.000000000000000000e+00,8.800000000000025580e-01,-5.099999999999986766e-01,-9.199999999999972644e-01,-1.000000000000000000e+00,-1.999999999999824141e-02,-2.199999999999975309e-01,-7.699999999999989075e-01,-1.299999999999947864e-01,-1.000000000000000000e+00,-3.599999999999994316e-01,9.000000000000016875e-01,-4.999999999999977796e-01,-5.299999999999986944e-01,-4.199999999999994849e-01,7.000000000000095035e-02,-2.899999999999984812e-01,-1.000000000000000000e+00,-2.699999999999984635e-01,-2.999999999999825029e-02,6.000000000000094147e-02,-8.299999999999998490e-01,-1.000000000000000000e+00,-6.599999999999979217e-01,1.900000000000028333e-01,1.800000000000054889e-01,-1.000000000000000000e+00,-5.199999999999977973e-01,4.100000000000030287e-01,-8.999999999999981348e-01,-6.099999999999978773e-01,-1.000000000000000000e+00,-8.599999999999972111e-01
-4.699999999999995293e-01,2.000000000000028422e-01,-3.299999999999985167e-01,-8.499999999999989786e-01,-5.599999999999987210e-01,-1.999999999999975131e-01,-1.599999999999983658e-01,-1.000000000000000000e+00,-1.000000000000000000e+00,-5.799999999999987388e-01,5.300000000000031353e-01,-2.999999999999825029e-02,-1.399999999999965716e-01,-1.000000000000000000e+00,8.700000000000016609e-01,-1.000000000000000000e+00,-1.000000000000000000e+00,-1.000000000000000000e+00,8.300000000000034017e-01,-1.000000000000000000e+00,-2.899999999999958167e-01,5.600000000000040501e-01,-8.699999999999989964e-01,7.000000000000041744e-01,-1.000000000000000000e+00,2.900000000000055866e-01,-6.999999999999828582e-02,-1.000000000000000000e+00,1.600000000000028066e-01,-1.000000000000000000e+00,5.900000000000023004e-01,-1.000000000000000000e+00,1.900000000000010569e-01,4.600000000000030731e-01,-9.999999999999120703e-03,-1.000000000000000000e+00,-1.000000000000000000e+00,-1.000000000000000000e+00,-1.000000000000000000e+00,4.000000000000181188e-02,6.500000000000014655e-01,-7.699999999999989075e-01,5.700000000000022826e-01,5.800000000000022915e-01,-1.000000000000000000e+00,-3.199999999999985079e-01,2.600000000000028955e-01,1.000000000000018652e-01,-5.599999999999987210e-01,7.800000000000015810e-01,-1.000000000000000000e+00,-1.000000000000000000e+00,6.400000000000014566e-01,-5.099999999999986766e-01,-4.999999999999977796e-01,-1.000000000000000000e+00,6.800000000000041567e-01,-6.699999999999979305e-01,-1.000000000000000000e+00,-6.999999999999961808e-01,-1.000000000000000000e+00,-1.000000000000000000e+00,9.000000000000016875e-01,-3.099999999999958344e-01,-1.000000000000000000e+00,-4.199999999999994849e-01,-7.499999999999988898e-01,4.700000000000030820e-01,-1.000000000000000000e+00,-2.699999999999984635e-01,-6.599999999999996980e-01,6.000000000000094147e-02,-3.999999999999825917e-02,-1.000000000000000000e+00,-9.999999999999653610e-02,-5.499999999999987121e-01,1.700000000000045919e-01,-5.399999999999978151e-01,-8.199999999999971756e-01,7.000000000000015099e-01,-5.999999999999827693e-02,-6.099999999999978773e-01,-8.899999999999990141e-01,-8.599999999999972111e-01
-4.699999999999995293e-01,-5.799999999999969624e-01,-3.299999999999985167e-01,-8.499999999999989786e-01,-5.599999999999987210e-01,-1.000000000000000000e+00,-1.599999999999983658e-01,-1.000000000000000000e+00,-4.199999999999968203e-01,-1.000000000000000000e+00,5.300000000000031353e-01,-1.000000000000000000e+00,-7.199999999999961986e-01,-2.199999999999984190e-01,8.700000000000016609e-01,-8.799999999999990052e-01,-1.000000000000000000e+00,-2.999999999999984901e-01,-1.000000000000000000e+00,-6.599999999999961453e-01,2.664535259100375697e-15,1.800000000000028244e-01,-1.000000000000000000e+00,6.700000000000032596e-01,-1.000000000000000000e+00,8.100000000000060485e-01,7.900000000000015898e-01,-1.000000000000000000e+00,-1.000000000000000000e+00,-8.699999999999981082e-01,-8.999999999999990230e-01,-1.599999999999957012e-01,1.900000000000010569e-01,-7.999999999999740652e-02,7.500000000000024425e-01,-1.599999999999974776e-01,-1.000000000000000000e+00,-5.799999999999996270e-01,-8.699999999999972200e-01,4.000000000000181188e-02,6.500000000000014655e-01,-7.699999999999989075e-01,6.800000000000032685e-01,9.500000000000035083e-01,-1.000000000000000000e+00,4.000000000000181188e-02,-1.000000000000000000e+00,1.000000000000018652e-01,-1.000000000000000000e+00,9.000000000000185629e-02,1.700000000000037037e-01,1.300000000000027800e-01,6.400000000000014566e-01,-5.099999999999986766e-01,-4.999999999999977796e-01,-1.000000000000000000e+00,5.700000000000049472e-01,-2.199999999999975309e-01,-5.799999999999987388e-01,-6.999999999999961808e-01,3.000000000000269118e-02,-5.499999999999987121e-01,9.000000000000016875e-01,-4.999999999999977796e-01,-1.000000000000000000e+00,-4.199999999999994849e-01,-3.199999999999976197e-01,-2.899999999999984812e-01,-1.000000000000000000e+00,6.000000000000360600e-02,-1.000000000000000000e+00,4.600000000000021849e-01,-1.000000000000000000e+00,-1.000000000000000000e+00,-6.599999999999979217e-01,-5.499999999999987121e-01,2.300000000000055334e-01,-5.399999999999978151e-01,-2.999999999999976019e-01,-1.299999999999983391e-01,-3.399999999999976374e-01,-1.000000000000000000e+00,-8.899999999999990141e-01,-7.499999999999962252e-01
-4.299999999999986056e-01,2.000000000000028422e-01,1.700000000000028155e-01,-8.499999999999989786e-01,-7.099999999999979661e-01,-1.599999999999965894e-01,8.200000000000016165e-01,-1.000000000000000000e+00,-4.199999999999968203e-01,-1.000000000000000000e+00,5.300000000000031353e-01,-1.000000000000000000e+00,-1.699999999999965983e-01,-2.199999999999984190e-01,4.600000000000030731e-01,-8.799999999999990052e-01,-1.000000000000000000e+00,-1.000000000000000000e+00,8.200000000000033928e-01,4.400000000000012790e-01,2.664535259100375697e-15,1.800000000000028244e-01,-4.999999999999986677e-01,6.700000000000032596e-01,-9.199999999999990408e-01,-5.999999999999943157e-01,-6.999999999999828582e-02,-1.000000000000000000e+00,-1.000000000000000000e+00,-8.699999999999981082e-01,5.900000000000023004e-01,-1.599999999999957012e-01,9.000000000000025757e-01,6.200000000000023270e-01,8.100000000000024958e-01,-5.299999999999986944e-01,-1.000000000000000000e+00,-1.000000000000000000e+00,-1.000000000000000000e+00,9.000000000000185629e-02,6.500000000000014655e-01,-7.699999999999989075e-01,9.600000000000026290e-01,5.800000000000022915e-01,-1.000000000000000000e+00,2.500000000000011102e-01,-1.000000000000000000e+00,3.300000000000011813e-01,-1.000000000000000000e+00,7.800000000000015810e-01,5.800000000000058442e-01,-1.000000000000000000e+00,-1.000000000000000000e+00,-5.099999999999986766e-01,-1.000000000000000000e+00,-7.899999999999998135e-01,6.800000000000041567e-01,-6.699999999999979305e-01,-9.299999999999981615e-01,-6.999999999999961808e-01,-1.000000000000000000e+00,1.776356839400250465e-15,9.000000000000016875e-01,-4.999999999999977796e-01,-1.000000000000000000e+00,-4.199999999999994849e-01,-7.499999999999988898e-01,-2.899999999999984812e-01,-1.000000000000000000e+00,-2.499999999999975575e-01,-4.699999999999986411e-01,4.600000000000021849e-01,-9.299999999999990496e-01,-1.000000000000000000e+00,-6.599999999999979217e-01,5.300000000000084643e-01,4.100000000000021405e-01,-5.399999999999978151e-01,-3.499999999999958700e-01,7.000000000000015099e-01,-5.999999999999827693e-02,-6.099999999999978773e-01,-8.899999999999990141e-01,4.500000000000039524e-01
-7.399999999999988809e-01,-1.199999999999965539e-01,1.700000000000028155e-01,2.000000000000357048e-02,-5.599999999999987210e-01,-1.999999999999975131e-01,8.200000000000016165e-01,-1.000000000000000000e+00,-4.199999999999968203e-01,6.400000000000014566e-01,5.500000000000040412e-01,-1.000000000000000000e+00,-1.399999999999965716e-01,-2.199999999999984190e-01,4.600000000000030731e-01,-8.799999999999990052e-01,-7.399999999999971045e-01,-1.000000000000000000e+00,4.300000000000021583e-01,-6.599999999999961453e-01,-2.899999999999984812e-01,1.800000000000028244e-01,-4.999999999999986677e-01,6.700000000000032596e-01,-2.399999999999975486e-01,5.200000000000049027e-01,-6.999999999999828582e-02,-1.000000000000000000e+00,-1.000000000000000000e+00,-1.000000000000000000e+00,-8.999999999999990230e-01,-1.599999999999957012e-01,9.000000000000025757e-01,4.600000000000030731e-01,-1.000000000000000000e+00,-5.299999999999986944e-01,-1.000000000000000000e+00,4.000000000000021316e-01,-1.000000000000000000e+00,-8.699999999999989964e-01,6.500000000000014655e-01,-7.699999999999989075e-01,7.500000000000033307e-01,9.500000000000035083e-01,-1.000000000000000000e+00,4.000000000000181188e-02,-1.000000000000000000e+00,3.300000000000011813e-01,-8.999999999999981348e-01,8.100000000000024958e-01,-1.000000000000000000e+00,-1.000000000000000000e+00,8.800000000000025580e-01,-5.099999999999986766e-01,-4.999999999999977796e-01,-7.899999999999989253e-01,6.800000000000041567e-01,-6.699999999999979305e-01,-9.299999999999981615e-01,-6.999999999999961808e-01,-1.000000000000000000e+00,-3.599999999999994316e-01,9.000000000000016875e-01,-4.999999999999977796e-01,-5.299999999999986944e-01,-4.199999999999994849e-01,-7.499999999999988898e-01,-2.899999999999984812e-01,-1.000000000000000000e+00,-2.699999999999984635e-01,-2.999999999999825029e-02,4.600000000000021849e-01,-9.299999999999990496e-01,-1.000000000000000000e+00,-6.599999999999979217e-01,-1.099999999999929923e-01,4.100000000000021405e-01,-5.399999999999978151e-01,-5.199999999999977973e-01,4.100000000000030287e-01,-5.999999999999827693e-02,-6.099999999999978773e-01,-8.899999999999990141e-01,-6.599999999999961453e-01
-7.399999999999988809e-01,2.000000000000028422e-01,2.800000000000029132e-01,-1.000000000000000000e+00,3.300000000000029576e-01,-1.999999999999975131e-01,8.200000000000016165e-01,-1.000000000000000000e+00,-5.099999999999977884e-01,6.400000000000014566e-01,5.500000000000049294e-01,-2.999999999999825029e-02,-6.399999999999952394e-01,-1.000000000000000000e+00,8.700000000000016609e-01,-8.799999999999990052e-01,-6.799999999999988276e-01,-1.000000000000000000e+00,4.300000000000021583e-01,-2.999999999999976019e-01,-2.899999999999958167e-01,1.800000000000028244e-01,-8.699999999999989964e-01,4.300000000000039346e-01,-9.999999999999742428e-02,5.200000000000049027e-01,7.900000000000015898e-01,-1.000000000000000000e+00,1.600000000000028066e-01,-1.000000000000000000e+00,8.000000000000095923e-02,-1.599999999999957012e-01,1.900000000000010569e-01,6.200000000000023270e-01,5.700000000000022826e-01,4.400000000000030553e-01,-1.000000000000000000e+00,-5.799999999999996270e-01,-1.000000000000000000e+00,4.000000000000181188e-02,6.500000000000014655e-01,-7.699999999999989075e-01,5.700000000000022826e-01,-6.999999999999739764e-02,-1.000000000000000000e+00,-3.199999999999985079e-01,2.600000000000028955e-01,7.700000000000024603e-01,-9.499999999999981792e-01,-1.000000000000000000e+00,7.200000000000033040e-01,-1.000000000000000000e+00,8.800000000000025580e-01,-5.099999999999986766e-01,-9.199999999999972644e-01,-7.899999999999989253e-01,-1.999999999999824141e-02,-6.699999999999979305e-01,-6.699999999999979305e-01,-1.299999999999947864e-01,-8.599999999999980993e-01,-3.599999999999994316e-01,9.000000000000016875e-01,-4.999999999999977796e-01,-8.999999999999830358e-02,-2.099999999999984102e-01,6.300000000000023359e-01,-2.899999999999984812e-01,-1.000000000000000000e+00,-2.699999999999984635e-01,-3.199999999999985079e-01,6.000000000000094147e-02,-1.000000000000000000e+00,-1.000000000000000000e+00,-6.599999999999979217e-01,-5.499999999999987121e-01,1.700000000000045919e-01,-5.399999999999978151e-01,-2.999999999999976019e-01,7.000000000000015099e-01,3.800000000000030020e-01,-6.099999999999978773e-01,-1.000000000000000000e+00,-8.599999999999972111e-01
-4.699999999999995293e-01,2.000000000000028422e-01,1.700000000000028155e-01,-7.199999999999979750e-01,-5.599999999999987210e-01,-1.499999999999974687e-01,-1.599999999999983658e-01,-1.000000000000000000e+00,2.200000000000037481e-01,-1.000000000000000000e+00,5.300000000000031353e-01,-2.999999999999825029e-02,-1.699999999999965983e-01,-1.000000000000000000e+00,8.700000000000016609e-01,-8.799999999999990052e-01,-1.000000000000000000e+00,-1.000000000000000000e+00,4.300000000000021583e-01,-6.599999999999961453e-01,-2.899999999999984812e-01,1.800000000000028244e-01,-4.999999999999986677e-01,4.300000000000039346e-01,-9.199999999999990408e-01,8.100000000000060485e-01,-6.999999999999828582e-02,-1.000000000000000000e+00,-1.000000000000000000e+00,-7.599999999999988987e-01,1.900000000000019451e-01,-1.599999999999957012e-01,1.900000000000010569e-01,4.600000000000030731e-01,-6.799999999999988276e-01,-5.299999999999986944e-01,-1.000000000000000000e+00,-1.000000000000000000e+00,-1.000000000000000000e+00,4.000000000000181188e-02,6.500000000000014655e-01,-7.699999999999989075e-01,5.700000000000022826e-01,9.500000000000035083e-01,-1.000000000000000000e+00,4.000000000000181188e-02,2.600000000000028955e-01,3.300000000000011813e-01,-5.599999999999987210e-01,7.800000000000015810e-01,7.200000000000033040e-01,-1.000000000000000000e+00,-1.000000000000000000e+00,-5.099999999999986766e-01,-4.999999999999977796e-01,-7.899999999999989253e-01,-1.000000000000000000e+00,-1.000000000000000000e+00,-9.299999999999981615e-01,-1.299999999999947864e-01,-3.399999999999985256e-01,-3.599999999999994316e-01,9.000000000000016875e-01,-4.999999999999977796e-01,-1.000000000000000000e+00,-4.199999999999994849e-01,-7.499999999999988898e-01,4.700000000000030820e-01,-1.000000000000000000e+00,6.000000000000360600e-02,-6.599999999999996980e-01,4.600000000000021849e-01,-1.000000000000000000e+00,-1.000000000000000000e+00,-9.999999999999653610e-02,-1.099999999999929923e-01,1.700000000000045919e-01,-5.399999999999978151e-01,-2.999999999999976019e-01,2.800000000000038014e-01,3.800000000000030020e-01,-6.099999999999978773e-01,-1.000000000000000000e+00,-8.599999999999972111e-01
-1.000000000000000000e+00,2.000000000000028422e-01,-3.299999999999985167e-01,-9.099999999999972555e-01,-5.599999999999987210e-01,-4.999999999999737987e-02,-1.000000000000000000e+00,-1.000000000000000000e+00,-5.099999999999977884e-01,-1.000000000000000000e+00,5.300000000000031353e-01,-1.000000000000000000e+00,-3.999999999999959144e-01,-2.199999999999984190e-01,8.700000000000016609e-01,-8.799999999999990052e-01,-1.000000000000000000e+00,-1.000000000000000000e+00,6.700000000000041478e-01,4.400000000000012790e-01,-2.899999999999958167e-01,1.800000000000028244e-01,-8.699999999999989964e-01,6.700000000000032596e-01,-8.499999999999980904e-01,3.900000000000056755e-01,7.900000000000015898e-01,-1.000000000000000000e+00,1.600000000000028066e-01,-8.699999999999981082e-01,-8.999999999999990230e-01,-6.699999999999952660e-01,1.900000000000010569e-01,6.200000000000023270e-01,8.100000000000024958e-01,-5.299999999999986944e-01,-1.000000000000000000e+00,-1.000000000000000000e+00,-1.000000000000000000e+00,-1.000000000000000000e+00,6.500000000000014655e-01,-1.000000000000000000e+00,5.700000000000022826e-01,5.800000000000022915e-01,-6.099999999999996536e-01,4.000000000000021316e-01,-3.699999999999985523e-01,3.300000000000011813e-01,-1.000000000000000000e+00,7.800000000000015810e-01,-1.000000000000000000e+00,-1.000000000000000000e+00,-1.000000000000000000e+00,-5.099999999999986766e-01,-1.000000000000000000e+00,-1.000000000000000000e+00,6.800000000000041567e-01,-2.199999999999975309e-01,-1.000000000000000000e+00,9.000000000000540901e-02,-8.399999999999971934e-01,-3.599999999999994316e-01,9.000000000000016875e-01,-4.999999999999977796e-01,-1.000000000000000000e+00,-4.199999999999994849e-01,7.000000000000095035e-02,-1.699999999999965983e-01,-1.000000000000000000e+00,-2.499999999999975575e-01,-1.000000000000000000e+00,4.600000000000021849e-01,-2.299999999999984279e-01,-1.000000000000000000e+00,-6.599999999999979217e-01,-4.999999999999382716e-02,1.700000000000045919e-01,-5.399999999999978151e-01,5.000000000000448530e-02,-2.399999999999984368e-01,-5.999999999999827693e-02,-6.099999999999978773e-01,-8.899999999999990141e-01,-8.599999999999972111e-01
-7.399999999999988809e-01,-1.199999999999965539e-01,1.700000000000028155e-01,-8.499999999999989786e-01,-5.599999999999987210e-01,-1.999999999999975131e-01,-1.599999999999983658e-01,-3.799999999999985612e-01,-4.199999999999968203e-01,-1.000000000000000000e+00,5.300000000000031353e-01,-1.000000000000000000e+00,-1.499999999999956923e-01,-2.199999999999984190e-01,8.700000000000016609e-01,-8.799999999999990052e-01,-1.000000000000000000e+00,-1.000000000000000000e+00,8.300000000000034017e-01,-1.000000000000000000e+00,-2.899999999999958167e-01,-1.000000000000000000e+00,-4.999999999999986677e-01,6.700000000000032596e-01,-1.000000000000000000e+00,8.100000000000060485e-01,1.900000000000019451e-01,-1.000000000000000000e+00,-1.000000000000000000e+00,-8.699999999999981082e-01,5.900000000000023004e-01,-1.599999999999957012e-01,1.900000000000010569e-01,4.600000000000030731e-01,-6.799999999999988276e-01,-5.299999999999986944e-01,-1.000000000000000000e+00,-1.000000000000000000e+00,-8.699999999999972200e-01,9.000000000000034639e-01,6.500000000000014655e-01,-7.699999999999989075e-01,6.800000000000032685e-01,9.500000000000035083e-01,-1.000000000000000000e+00,4.000000000000181188e-02,-3.899999999999985700e-01,1.000000000000018652e-01,-1.000000000000000000e+00,8.100000000000024958e-01,-6.599999999999979217e-01,-1.000000000000000000e+00,6.400000000000014566e-01,-5.099999999999986766e-01,-4.999999999999977796e-01,-7.899999999999989253e-01,6.800000000000041567e-01,-6.699999999999979305e-01,-1.000000000000000000e+00,-6.999999999999961808e-01,-1.000000000000000000e+00,1.776356839400250465e-15,9.000000000000016875e-01,-4.999999999999977796e-01,-1.000000000000000000e+00,-4.199999999999994849e-01,-7.499999999999988898e-01,-2.899999999999984812e-01,-2.999999999999984901e-01,-2.699999999999984635e-01,-2.499999999999975575e-01,4.600000000000021849e-01,-3.999999999999825917e-02,-1.000000000000000000e+00,-3.399999999999958611e-01,-5.499999999999987121e-01,4.100000000000021405e-01,-5.399999999999978151e-01,-8.199999999999971756e-01,2.800000000000038014e-01,-5.999999999999827693e-02,-6.099999999999978773e-01,-8.899999999999990141e-01,4.500000000000039524e-01
-1.000000000000000000e+00,2.000000000000028422e-01,-1.599999999999974776e-01,-9.099999999999972555e-01,-7.099999999999979661e-01,-5.799999999999987388e-01,8.200000000000016165e-01,-1.000000000000000000e+00,-5.099999999999977884e-01,2.600000000000020073e-01,5.300000000000031353e-01,-1.000000000000000000e+00,-1.399999999999965716e-01,-2.199999999999984190e-01,4.600000000000030731e-01,-8.799999999999990052e-01,-1.000000000000000000e+00,-1.000000000000000000e+00,8.200000000000033928e-01,4.400000000000012790e-01,-2.899999999999958167e-01,1.800000000000028244e-01,-1.000000000000000000e+00,6.700000000000032596e-01,-9.199999999999990408e-01,3.900000000000056755e-01,-5.299999999999978062e-01,-5.099999999999986766e-01,1.600000000000028066e-01,-8.699999999999981082e-01,-8.999999999999990230e-01,-6.699999999999952660e-01,1.900000000000010569e-01,6.200000000000023270e-01,-9.999999999999120703e-03,-5.299999999999986944e-01,-1.000000000000000000e+00,-1.000000000000000000e+00,-8.499999999999989786e-01,-1.000000000000000000e+00,6.500000000000014655e-01,-1.000000000000000000e+00,9.600000000000026290e-01,5.800000000000022915e-01,-1.000000000000000000e+00,2.500000000000011102e-01,-3.699999999999985523e-01,3.300000000000011813e-01,-7.199999999999988631e-01,7.800000000000015810e-01,-1.000000000000000000e+00,-1.699999999999983746e-01,6.400000000000014566e-01,-5.099999999999986766e-01,-1.000000000000000000e+00,-1.000000000000000000e+00,6.800000000000041567e-01,-2.199999999999975309e-01,-1.000000000000000000e+00,-4.799999999999942091e-01,3.500000000000029754e-01,-3.599999999999994316e-01,9.000000000000016875e-01,-4.999999999999977796e-01,-9.699999999999990852e-01,-4.199999999999994849e-01,7.000000000000095035e-02,-5.799999999999987388e-01,-1.000000000000000000e+00,-2.699999999999984635e-01,-1.000000000000000000e+00,4.600000000000021849e-01,-9.299999999999990496e-01,-1.000000000000000000e+00,-7.899999999999971489e-01,-1.999999999999824141e-02,1.700000000000045919e-01,-5.399999999999978151e-01,-1.000000000000000000e+00,-1.000000000000000000e+00,-5.999999999999827693e-02,-6.099999999999978773e-01,-8.899999999999990141e-01,-8.599999999999972111e-01
-4.699999999999995293e-01,1.300000000000045564e-01,-3.299999999999985167e-01,-8.499999999999989786e-01,-1.999999999999735323e-02,-1.999999999999975131e-01,-1.599999999999983658e-01,-1.000000000000000000e+00,-1.000000000000000000e+00,-1.000000000000000000e+00,6.300000000000041123e-01,-1.000000000000000000e+00,-1.399999999999965716e-01,-1.000000000000000000e+00,8.700000000000016609e-01,-8.799999999999990052e-01,-1.599999999999983658e-01,-1.000000000000000000e+00,8.300000000000034017e-01,-1.000000000000000000e+00,-1.000000000000000000e+00,1.800000000000028244e-01,-1.000000000000000000e+00,8.000000000000042633e-01,-1.000000000000000000e+00,5.200000000000049027e-01,1.900000000000019451e-01,-1.000000000000000000e+00,6.900000000000023892e-01,-1.000000000000000000e+00,5.900000000000023004e-01,6.500000000000059064e-01,1.900000000000010569e-01,5.300000000000040234e-01,5.700000000000022826e-01,-5.299999999999986944e-01,-1.000000000000000000e+00,-2.199999999999975309e-01,-8.699999999999972200e-01,4.000000000000181188e-02,6.500000000000014655e-01,-7.699999999999989075e-01,6.800000000000032685e-01,5.800000000000022915e-01,-1.000000000000000000e+00,2.500000000000011102e-01,-1.000000000000000000e+00,1.000000000000018652e-01,-1.000000000000000000e+00,7.800000000000015810e-01,-6.599999999999979217e-01,-1.000000000000000000e+00,6.400000000000014566e-01,-5.099999999999986766e-01,-4.999999999999977796e-01,-7.899999999999989253e-01,6.800000000000041567e-01,-6.699999999999979305e-01,-1.000000000000000000e+00,-6.999999999999961808e-01,-1.000000000000000000e+00,1.776356839400250465e-15,9.000000000000016875e-01,2.200000000000037481e-01,-1.000000000000000000e+00,-4.199999999999994849e-01,-1.000000000000000000e+00,-2.899999999999984812e-01,-2.999999999999984901e-01,-2.699999999999984635e-01,-6.599999999999996980e-01,3.200000000000020606e-01,-3.999999999999825917e-02,-1.000000000000000000e+00,-9.999999999994679811e-03,-5.499999999999987121e-01,2.300000000000055334e-01,-7.599999999999962341e-01,-8.199999999999971756e-01,4.100000000000030287e-01,-5.999999999999827693e-02,-6.099999999999978773e-01,-1.000000000000000000e+00,-8.599999999999972111e-01
-7.399999999999988809e-01,2.000000000000028422e-01,-1.599999999999974776e-01,-1.000000000000000000e+00,8.700000000000043254e-01,-1.999999999999975131e-01,8.200000000000016165e-01,-1.000000000000000000e+00,-5.099999999999977884e-01,-1.000000000000000000e+00,5.300000000000031353e-01,-1.000000000000000000e+00,-1.399999999999965716e-01,-9.799999999999973177e-01,8.700000000000016609e-01,-8.799999999999990052e-01,-1.000000000000000000e+00,-1.000000000000000000e+00,8.200000000000033928e-01,4.400000000000012790e-01,-4.199999999999968203e-01,1.800000000000028244e-01,-1.000000000000000000e+00,6.700000000000032596e-01,-9.199999999999990408e-01,5.200000000000049027e-01,-6.999999999999828582e-02,-1.000000000000000000e+00,1.600000000000028066e-01,-8.699999999999981082e-01,5.900000000000023004e-01,-7.999999999999563016e-02,9.000000000000025757e-01,6.200000000000023270e-01,8.100000000000024958e-01,-5.299999999999986944e-01,-1.000000000000000000e+00,-1.000000000000000000e+00,-8.499999999999989786e-01,9.000000000000185629e-02,6.500000000000014655e-01,-7.699999999999989075e-01,-1.000000000000000000e+00,5.800000000000022915e-01,-1.000000000000000000e+00,2.500000000000011102e-01,-1.000000000000000000e+00,7.700000000000024603e-01,-1.000000000000000000e+00,7.800000000000015810e-01,5.800000000000058442e-01,-1.000000000000000000e+00,-1.000000000000000000e+00,-5.099999999999986766e-01,-1.000000000000000000e+00,-1.000000000000000000e+00,-1.000000000000000000e+00,-2.499999999999966693e-01,-9.299999999999981615e-01,-6.999999999999961808e-01,-3.399999999999985256e-01,-3.599999999999994316e-01,9.000000000000016875e-01,-4.999999999999977796e-01,-1.000000000000000000e+00,-2.099999999999984102e-01,7.000000000000095035e-02,-5.599999999999987210e-01,-1.000000000000000000e+00,-2.699999999999984635e-01,-3.199999999999985079e-01,6.000000000000094147e-02,-9.299999999999990496e-01,-9.299999999999981615e-01,-6.599999999999979217e-01,-1.999999999999824141e-02,1.700000000000045919e-01,-1.000000000000000000e+00,-3.499999999999958700e-01,7.000000000000015099e-01,-5.999999999999827693e-02,-6.099999999999978773e-01,-1.000000000000000000e+00,-8.599999999999972111e-01
-4.699999999999995293e-01,-5.799999999999969624e-01,1.700000000000028155e-01,-8.499999999999989786e-01,-6.399999999999979039e-01,3.500000000000038636e-01,8.200000000000016165e-01,-1.000000000000000000e+00,4.440892098500626162e-15,-1.000000000000000000e+00,5.300000000000031353e-01,-1.000000000000000000e+00,-7.199999999999961986e-01,-2.199999999999984190e-01,8.700000000000016609e-01,-1.000000000000000000e+00,-1.599999999999983658e-01,-1.000000000000000000e+00,9.900000000000044320e-01,-1.000000000000000000e+00,2.664535259100375697e-15,1.800000000000028244e-01,-1.000000000000000000e+00,6.700000000000032596e-01,-1.000000000000000000e+00,8.100000000000060485e-01,1.900000000000019451e-01,-1.000000000000000000e+00,1.600000000000028066e-01,-8.699999999999981082e-01,-8.999999999999990230e-01,-1.000000000000000000e+00,1.900000000000010569e-01,-1.000000000000000000e+00,-6.799999999999988276e-01,-1.599999999999974776e-01,-1.000000000000000000e+00,-5.799999999999996270e-01,-8.699999999999972200e-01,-8.699999999999989964e-01,6.500000000000014655e-01,-7.699999999999989075e-01,3.000000000000357936e-02,9.500000000000035083e-01,-6.099999999999996536e-01,5.000000000000031086e-01,-1.000000000000000000e+00,1.000000000000018652e-01,-1.000000000000000000e+00,-1.000000000000000000e+00,-6.599999999999979217e-01,-2.799999999999984723e-01,-1.000000000000000000e+00,-5.099999999999986766e-01,-4.999999999999977796e-01,-6.999999999999988454e-01,6.800000000000041567e-01,-6.699999999999979305e-01,-1.000000000000000000e+00,-6.999999999999961808e-01,-3.399999999999985256e-01,1.776356839400250465e-15,9.000000000000016875e-01,-1.000000000000000000e+00,-1.000000000000000000e+00,-4.199999999999994849e-01,-7.499999999999988898e-01,-1.000000000000000000e+00,-1.000000000000000000e+00,-2.699999999999984635e-01,-7.299999999999979838e-01,4.600000000000021849e-01,-9.299999999999990496e-01,-1.000000000000000000e+00,-6.599999999999979217e-01,-1.099999999999929923e-01,2.300000000000055334e-01,-5.399999999999978151e-01,5.329070518200751394e-15,2.800000000000038014e-01,-5.999999999999827693e-02,-1.199999999999965539e-01,-8.899999999999990141e-01,4.500000000000039524e-01
-4.699999999999995293e-01,-1.000000000000000000e+00,-3.299999999999985167e-01,-8.499999999999989786e-01,4.000000000000030198e-01,-1.999999999999975131e-01,8.200000000000016165e-01,-1.000000000000000000e+00,2.200000000000037481e-01,6.400000000000014566e-01,5.500000000000049294e-01,-2.999999999999825029e-02,-1.399999999999965716e-01,-1.000000000000000000e+00,8.700000000000016609e-01,-1.599999999999974776e-01,-9.399999999999981704e-01,-1.000000000000000000e+00,4.300000000000021583e-01,4.400000000000012790e-01,-2.899999999999958167e-01,1.800000000000028244e-01,-1.000000000000000000e+00,6.700000000000032596e-01,-9.999999999999742428e-02,5.200000000000049027e-01,7.900000000000015898e-01,-1.000000000000000000e+00,1.600000000000028066e-01,-1.000000000000000000e+00,8.000000000000095923e-02,-1.599999999999957012e-01,1.900000000000010569e-01,6.200000000000023270e-01,-9.999999999999120703e-03,-5.299999999999986944e-01,-1.000000000000000000e+00,-1.000000000000000000e+00,-1.000000000000000000e+00,4.000000000000181188e-02,-1.000000000000000000e+00,-7.699999999999989075e-01,5.700000000000022826e-01,-6.999999999999739764e-02,-1.000000000000000000e+00,2.500000000000011102e-01,2.600000000000028955e-01,3.300000000000011813e-01,-5.599999999999987210e-01,7.800000000000015810e-01,7.200000000000033040e-01,-1.000000000000000000e+00,8.800000000000025580e-01,-5.099999999999986766e-01,-5.499999999999960476e-01,-1.000000000000000000e+00,-1.999999999999824141e-02,-2.199999999999975309e-01,-1.000000000000000000e+00,-1.299999999999947864e-01,-1.000000000000000000e+00,-3.599999999999994316e-01,9.000000000000016875e-01,-4.399999999999968381e-01,-1.000000000000000000e+00,-2.099999999999984102e-01,7.000000000000095035e-02,-2.899999999999984812e-01,-1.000000000000000000e+00,-2.699999999999984635e-01,-6.599999999999996980e-01,6.000000000000094147e-02,-1.000000000000000000e+00,-9.299999999999981615e-01,-9.999999999999653610e-02,-5.499999999999987121e-01,1.700000000000045919e-01,-5.399999999999978151e-01,-2.999999999999976019e-01,7.000000000000015099e-01,-4.899999999999968825e-01,-6.099999999999978773e-01,-1.000000000000000000e+00,-3.999999999999559464e-02
-4.699999999999995293e-01,-1.199999999999965539e-01,-3.299999999999985167e-01,-8.499999999999989786e-01,-5.599999999999987210e-01,-1.999999999999975131e-01,-1.599999999999983658e-01,-1.000000000000000000e+00,-4.199999999999968203e-01,-1.000000000000000000e+00,5.300000000000031353e-01,-1.000000000000000000e+00,-1.399999999999965716e-01,-2.199999999999984190e-01,4.600000000000030731e-01,-8.799999999999990052e-01,-1.000000000000000000e+00,-1.000000000000000000e+00,8.300000000000034017e-01,-6.599999999999961453e-01,-1.000000000000000000e+00,1.800000000000028244e-01,-1.000000000000000000e+00,6.700000000000032596e-01,-4.999999999999737987e-02,2.600000000000064482e-01,7.900000000000015898e-01,-1.000000000000000000e+00,6.900000000000023892e-01,-8.699999999999981082e-01,-8.999999999999990230e-01,-1.599999999999957012e-01,1.900000000000010569e-01,4.600000000000030731e-01,-6.799999999999988276e-01,-5.299999999999986944e-01,-1.000000000000000000e+00,-1.799999999999983835e-01,-9.999999999999831246e-02,-8.699999999999989964e-01,6.500000000000014655e-01,-7.699999999999989075e-01,9.600000000000026290e-01,9.500000000000035083e-01,-1.000000000000000000e+00,2.500000000000011102e-01,-1.000000000000000000e+00,3.300000000000011813e-01,-5.599999999999987210e-01,8.100000000000024958e-01,-6.599999999999979217e-01,-1.000000000000000000e+00,-1.000000000000000000e+00,-5.099999999999986766e-01,-4.999999999999977796e-01,-7.899999999999989253e-01,6.800000000000041567e-01,-6.699999999999979305e-01,-9.299999999999981615e-01,-6.999999999999961808e-01,-3.399999999999985256e-01,1.776356839400250465e-15,9.000000000000016875e-01,-4.999999999999977796e-01,-1.000000000000000000e+00,-4.199999999999994849e-01,-7.499999999999988898e-01,-7.999999999999740652e-02,-2.999999999999984901e-01,-5.999999999999978684e-01,-6.599999999999996980e-01,4.600000000000021849e-01,-9.299999999999990496e-01,-1.000000000000000000e+00,-6.599999999999979217e-01,-1.099999999999929923e-01,1.700000000000045919e-01,-7.599999999999962341e-01,-8.199999999999971756e-01,-1.199999999999956657e-01,-5.999999999999827693e-02,-6.099999999999978773e-01,-8.899999999999990141e-01,4.500000000000039524e-01
-1.000000000000000000e+00,2.000000000000028422e-01,-3.299999999999985167e-01,-5.499999999999978240e-01,-5.599999999999987210e-01,-1.999999999999975131e-01,8.200000000000016165e-01,-1.000000000000000000e+00,-5.099999999999977884e-01,-1.000000000000000000e+00,-2.999999999999967137e-01,-1.000000000000000000e+00,-1.399999999999965716e-01,-1.000000000000000000e+00,4.600000000000030731e-01,-8.799999999999990052e-01,-1.000000000000000000e+00,-1.000000000000000000e+00,-5.099999999999977884e-01,4.400000000000012790e-01,2.664535259100375697e-15,1.800000000000028244e-01,-1.000000000000000000e+00,6.700000000000032596e-01,-9.199999999999990408e-01,3.900000000000056755e-01,-6.999999999999828582e-02,-1.000000000000000000e+00,1.600000000000028066e-01,-1.000000000000000000e+00,5.900000000000023004e-01,-1.599999999999957012e-01,1.900000000000010569e-01,6.200000000000023270e-01,-1.000000000000000000e+00,-1.399999999999974598e-01,-1.000000000000000000e+00,-1.000000000000000000e+00,-8.899999999999990141e-01,5.500000000000022649e-01,9.000000000000185629e-02,-7.699999999999989075e-01,9.600000000000026290e-01,5.800000000000022915e-01,-1.000000000000000000e+00,9.700000000000026379e-01,-3.699999999999985523e-01,3.300000000000011813e-01,-5.599999999999987210e-01,7.800000000000015810e-01,5.800000000000058442e-01,-1.000000000000000000e+00,8.000000000000033751e-01,-5.099999999999986766e-01,-4.999999999999977796e-01,-7.899999999999989253e-01,6.800000000000041567e-01,-2.199999999999975309e-01,-9.299999999999981615e-01,1.100000000000063149e-01,-1.000000000000000000e+00,-3.599999999999994316e-01,2.100000000000019629e-01,-4.999999999999977796e-01,-6.199999999999987743e-01,-4.199999999999994849e-01,7.000000000000095035e-02,-1.000000000000000000e+00,-1.000000000000000000e+00,-2.699999999999984635e-01,-1.000000000000000000e+00,3.200000000000020606e-01,-9.299999999999990496e-01,-1.000000000000000000e+00,-6.599999999999979217e-01,1.900000000000028333e-01,1.800000000000054889e-01,-1.000000000000000000e+00,-3.499999999999958700e-01,-1.000000000000000000e+00,-5.999999999999827693e-02,-6.099999999999978773e-01,-1.000000000000000000e+00,-8.599999999999972111e-01
-7.399999999999988809e-01,-1.199999999999965539e-01,-3.299999999999985167e-01,-8.499999999999989786e-01,-5.599999999999987210e-01,-4.299999999999968292e-01,8.200000000000016165e-01,-1.000000000000000000e+00,-4.199999999999968203e-01,-3.999999999999825917e-02,5.300000000000031353e-01,-1.000000000000000000e+00,-1.699999999999965983e-01,2.000000000000268230e-02,8.700000000000016609e-01,-2.999999999999736211e-02,-1.000000000000000000e+00,-1.000000000000000000e+00,9.900000000000044320e-01,-1.000000000000000000e+00,2.664535259100375697e-15,1.200000000000045475e-01,-1.000000000000000000e+00,6.700000000000032596e-01,-9.199999999999990408e-01,8.100000000000060485e-01,1.900000000000019451e-01,-1.000000000000000000e+00,1.600000000000028066e-01,-8.699999999999981082e-01,-8.999999999999990230e-01,-1.599999999999957012e-01,1.900000000000010569e-01,6.200000000000023270e-01,7.500000000000024425e-01,-5.299999999999986944e-01,-1.000000000000000000e+00,-5.799999999999996270e-01,-8.699999999999972200e-01,4.000000000000181188e-02,6.500000000000014655e-01,-1.000000000000000000e+00,9.600000000000026290e-01,9.500000000000035083e-01,-1.000000000000000000e+00,2.500000000000011102e-01,-1.000000000000000000e+00,1.000000000000018652e-01,-7.199999999999988631e-01,8.100000000000033840e-01,-6.599999999999979217e-01,-1.000000000000000000e+00,6.400000000000014566e-01,-5.099999999999986766e-01,-4.999999999999977796e-01,-1.000000000000000000e+00,6.800000000000041567e-01,-6.699999999999979305e-01,-9.299999999999981615e-01,-1.299999999999947864e-01,-3.399999999999985256e-01,-5.499999999999987121e-01,9.000000000000016875e-01,-4.999999999999977796e-01,-1.000000000000000000e+00,-4.199999999999994849e-01,-7.499999999999988898e-01,-2.899999999999984812e-01,-1.000000000000000000e+00,6.000000000000360600e-02,-1.000000000000000000e+00,3.200000000000020606e-01,-4.899999999999986589e-01,-1.000000000000000000e+00,-6.599999999999979217e-01,-1.099999999999929923e-01,2.300000000000055334e-01,-5.399999999999978151e-01,5.329070518200751394e-15,5.500000000000049294e-01,-5.999999999999827693e-02,-6.099999999999978773e-01,-8.899999999999990141e-01,2.900000000000046985e-01
-4.699999999999995293e-01,2.000000000000028422e-01,-3.299999999999985167e-01,-8.499999999999989786e-01,-5.599999999999987210e-01,-4.299999999999968292e-01,-1.000000000000000000e+00,-1.000000000000000000e+00,4.440892098500626162e-15,-3.999999999999825917e-02,5.300000000000031353e-01,-1.099999999999974332e-01,-7.199999999999961986e-01,2.000000000000268230e-02,8.700000000000016609e-01,-8.799999999999990052e-01,-1.599999999999983658e-01,-1.000000000000000000e+00,8.100000000000042721e-01,4.400000000000012790e-01,9.600000000000044054e-01,1.800000000000028244e-01,-8.699999999999989964e-01,6.700000000000032596e-01,-9.199999999999990408e-01,3.900000000000056755e-01,1.900000000000019451e-01,-1.000000000000000000e+00,1.600000000000028066e-01,-1.000000000000000000e+00,9.100000000000034728e-01,-1.000000000000000000e+00,1.900000000000010569e-01,-7.999999999999740652e-02,-1.000000000000000000e+00,-5.299999999999986944e-01,-1.000000000000000000e+00,-5.799999999999996270e-01,-8.699999999999972200e-01,4.000000000000181188e-02,9.000000000000185629e-02,-7.699999999999989075e-01,7.700000000000042366e-01,5.800000000000022915e-01,-1.000000000000000000e+00,2.500000000000011102e-01,-9.299999999999990496e-01,1.000000000000018652e-01,-1.000000000000000000e+00,7.800000000000015810e-01,-2.699999999999984635e-01,-1.000000000000000000e+00,-1.000000000000000000e+00,-5.099999999999986766e-01,-4.999999999999977796e-01,-7.899999999999989253e-01,-9.699999999999990852e-01,-2.199999999999975309e-01,-5.799999999999987388e-01,-1.299999999999947864e-01,-1.000000000000000000e+00,-5.499999999999987121e-01,9.000000000000016875e-01,-4.999999999999977796e-01,-9.799999999999990941e-01,-4.199999999999994849e-01,-7.499999999999988898e-01,-2.899999999999984812e-01,-2.999999999999984901e-01,-2.699999999999984635e-01,-2.999999999999825029e-02,3.200000000000020606e-01,-4.899999999999986589e-01,-1.000000000000000000e+00,-6.599999999999979217e-01,-5.499999999999987121e-01,2.300000000000055334e-01,-6.199999999999987743e-01,5.329070518200751394e-15,4.100000000000030287e-01,-3.399999999999976374e-01,-6.099999999999978773e-01,-1.000000000000000000e+00,-8.599999999999972111e-01
-4.699999999999995293e-01,2.000000000000028422e-01,-1.599999999999974776e-01,-9.099999999999972555e-01,4.000000000000270006e-02,-1.499999999999974687e-01,8.200000000000016165e-01,-1.000000000000000000e+00,-5.099999999999977884e-01,-1.000000000000000000e+00,5.300000000000031353e-01,-7.399999999999988809e-01,-1.199999999999956657e-01,-2.199999999999984190e-01,8.700000000000016609e-01,-8.799999999999990052e-01,-1.000000000000000000e+00,-1.000000000000000000e+00,8.200000000000033928e-01,4.400000000000012790e-01,2.664535259100375697e-15,8.100000000000042721e-01,-1.000000000000000000e+00,6.700000000000032596e-01,-1.000000000000000000e+00,3.900000000000056755e-01,7.900000000000015898e-01,-1.000000000000000000e+00,1.600000000000028066e-01,-8.699999999999981082e-01,8.000000000000095923e-02,-1.599999999999957012e-01,9.000000000000025757e-01,6.200000000000023270e-01,8.100000000000024958e-01,-5.299999999999986944e-01,-1.000000000000000000e+00,-1.000000000000000000e+00,-1.000000000000000000e+00,9.000000000000185629e-02,6.500000000000014655e-01,-6.399999999999987921e-01,5.700000000000022826e-01,9.500000000000035083e-01,-1.000000000000000000e+00,2.500000000000011102e-01,-1.000000000000000000e+00,3.300000000000011813e-01,-1.000000000000000000e+00,9.700000000000026379e-01,5.800000000000058442e-01,-1.000000000000000000e+00,8.800000000000025580e-01,-5.099999999999986766e-01,-1.000000000000000000e+00,-1.000000000000000000e+00,6.800000000000041567e-01,-5.099999999999960121e-01,1.000000000000267342e-02,-6.999999999999961808e-01,-8.599999999999980993e-01,-3.599999999999994316e-01,9.000000000000016875e-01,-4.999999999999977796e-01,-2.899999999999984812e-01,-4.199999999999994849e-01,7.000000000000095035e-02,-1.000000000000000000e+00,-1.000000000000000000e+00,-2.499999999999975575e-01,-3.199999999999985079e-01,-2.699999999999975753e-01,-8.299999999999998490e-01,-1.000000000000000000e+00,-6.599999999999979217e-01,-1.000000000000000000e+00,1.700000000000045919e-01,-5.399999999999978151e-01,-3.499999999999958700e-01,7.000000000000015099e-01,-5.999999999999827693e-02,-6.099999999999978773e-01,-8.899999999999990141e-01,4.500000000000039524e-01
-8.999999999999830358e-02,-5.799999999999969624e-01,-3.299999999999985167e-01,-5.499999999999978240e-01,-5.599999999999987210e-01,-4.299999999999968292e-01,8.200000000000016165e-01,-3.399999999999985256e-01,4.440892098500626162e-15,-3.999999999999825917e-02,9.200000000000052580e-01,-1.099999999999974332e-01,-7.199999999999961986e-01,-1.000000000000000000e+00,-3.899999999999976819e-01,-1.000000000000000000e+00,-9.699999999999981970e-01,-1.000000000000000000e+00,8.700000000000034373e-01,-1.000000000000000000e+00,2.664535259100375697e-15,1.800000000000028244e-01,-4.499999999999986233e-01,6.700000000000032596e-01,-9.199999999999990408e-01,5.200000000000049027e-01,1.900000000000019451e-01,-1.000000000000000000e+00,1.600000000000028066e-01,-1.000000000000000000e+00,-8.999999999999990230e-01,-1.000000000000000000e+00,1.900000000000010569e-01,-7.999999999999740652e-02,-1.000000000000000000e+00,-1.599999999999974776e-01,-1.000000000000000000e+00,-5.799999999999996270e-01,-8.899999999999990141e-01,-4.799999999999977618e-01,9.000000000000185629e-02,-7.699999999999989075e-01,7.500000000000033307e-01,5.800000000000022915e-01,-5.999999999999987566e-01,2.500000000000011102e-01,-3.699999999999985523e-01,1.000000000000018652e-01,-7.199999999999988631e-01,9.000000000000185629e-02,-1.000000000000000000e+00,-2.799999999999984723e-01,8.800000000000025580e-01,-5.099999999999986766e-01,-4.999999999999977796e-01,-1.000000000000000000e+00,6.800000000000041567e-01,-2.199999999999975309e-01,-5.799999999999987388e-01,-1.299999999999947864e-01,-1.000000000000000000e+00,-3.599999999999994316e-01,9.000000000000016875e-01,-4.999999999999977796e-01,-9.799999999999990941e-01,-4.199999999999994849e-01,7.000000000000095035e-02,-2.899999999999984812e-01,-2.999999999999984901e-01,-2.699999999999984635e-01,-2.999999999999825029e-02,3.200000000000020606e-01,-1.000000000000000000e+00,-1.000000000000000000e+00,-6.599999999999979217e-01,-5.499999999999987121e-01,1.800000000000054889e-01,-1.000000000000000000e+00,-5.199999999999977973e-01,4.100000000000030287e-01,-3.399999999999976374e-01,-6.099999999999978773e-01,-8.899999999999990141e-01,-8.599999999999972111e-01
-1.000000000000000000e+00,5.800000000000058442e-01,-3.299999999999985167e-01,-1.000000000000000000e+00,3.300000000000029576e-01,-1.999999999999975131e-01,8.200000000000016165e-01,-1.000000000000000000e+00,-5.099999999999977884e-01,-1.000000000000000000e+00,5.500000000000049294e-01,-1.000000000000000000e+00,-1.199999999999956657e-01,-1.000000000000000000e+00,8.700000000000016609e-01,-8.799999999999990052e-01,-6.799999999999988276e-01,-1.000000000000000000e+00,8.300000000000034017e-01,-4.499999999999986233e-01,2.664535259100375697e-15,1.800000000000028244e-01,-1.000000000000000000e+00,6.700000000000032596e-01,-9.199999999999990408e-01,5.200000000000049027e-01,7.900000000000015898e-01,-1.000000000000000000e+00,1.600000000000028066e-01,-1.000000000000000000e+00,8.000000000000095923e-02,-1.599999999999957012e-01,1.900000000000010569e-01,6.200000000000023270e-01,-9.999999999999120703e-03,-5.299999999999986944e-01,-1.000000000000000000e+00,-1.799999999999983835e-01,-8.699999999999972200e-01,4.000000000000181188e-02,6.500000000000014655e-01,-7.699999999999989075e-01,6.800000000000032685e-01,-6.999999999999739764e-02,-1.000000000000000000e+00,2.500000000000011102e-01,-1.000000000000000000e+00,6.700000000000032596e-01,-7.199999999999988631e-01,7.800000000000015810e-01,7.200000000000033040e-01,-1.000000000000000000e+00,8.800000000000025580e-01,-5.099999999999986766e-01,-9.199999999999972644e-01,-1.000000000000000000e+00,6.800000000000041567e-01,-6.699999999999979305e-01,-7.099999999999988542e-01,-6.999999999999961808e-01,-8.599999999999980993e-01,1.776356839400250465e-15,9.000000000000016875e-01,2.200000000000037481e-01,-7.099999999999988542e-01,-1.199999999999974420e-01,-4.699999999999986411e-01,-2.899999999999984812e-01,-1.000000000000000000e+00,-2.699999999999984635e-01,-3.199999999999985079e-01,6.000000000000094147e-02,-8.299999999999998490e-01,-9.299999999999981615e-01,-9.999999999994679811e-03,-5.499999999999987121e-01,1.700000000000045919e-01,-7.599999999999962341e-01,-8.199999999999971756e-01,4.100000000000030287e-01,-5.999999999999827693e-02,-6.099999999999978773e-01,-1.000000000000000000e+00,-8.599999999999972111e-01
-4.699999999999995293e-01,-1.199999999999965539e-01,-3.299999999999985167e-01,-8.499999999999989786e-01,-5.599999999999987210e-01,-1.499999999999974687e-01,-1.599999999999983658e-01,-1.000000000000000000e+00,-4.199999999999968203e-01,6.400000000000014566e-01,5.500000000000040412e-01,-2.999999999999825029e-02,-1.399999999999965716e-01,-2.199999999999984190e-01,4.600000000000030731e-01,-1.599999999999974776e-01,-1.000000000000000000e+00,-1.000000000000000000e+00,4.300000000000021583e-01,-6.599999999999961453e-01,-2.899999999999984812e-01,1.800000000000028244e-01,-4.999999999999986677e-01,6.700000000000032596e-01,-9.999999999999742428e-02,8.100000000000060485e-01,7.900000000000015898e-01,-1.000000000000000000e+00,1.600000000000028066e-01,-1.000000000000000000e+00,-8.999999999999990230e-01,-1.599999999999957012e-01,9.000000000000025757e-01,4.600000000000030731e-01,-6.799999999999988276e-01,-5.299999999999986944e-01,-1.000000000000000000e+00,-1.000000000000000000e+00,-1.000000000000000000e+00,-8.699999999999989964e-01,6.500000000000014655e-01,-1.000000000000000000e+00,9.600000000000026290e-01,9.500000000000035083e-01,-1.000000000000000000e+00,-2.299999999999975397e-01,2.600000000000028955e-01,3.300000000000011813e-01,-1.000000000000000000e+00,8.100000000000024958e-01,-6.599999999999979217e-01,-1.000000000000000000e+00,-1.000000000000000000e+00,-5.099999999999986766e-01,-4.999999999999977796e-01,-7.899999999999998135e-01,6.800000000000041567e-01,-6.699999999999979305e-01,-9.299999999999981615e-01,-1.000000000000000000e+00,-3.399999999999985256e-01,1.776356839400250465e-15,9.000000000000016875e-01,-4.999999999999977796e-01,-1.000000000000000000e+00,-4.199999999999994849e-01,-7.499999999999988898e-01,-2.899999999999984812e-01,-1.000000000000000000e+00,4.500000000000030642e-01,-1.000000000000000000e+00,4.600000000000021849e-01,-9.699999999999981970e-01,-1.000000000000000000e+00,-6.599999999999979217e-01,-5.499999999999987121e-01,-1.000000000000000000e+00,-5.399999999999978151e-01,-2.999999999999976019e-01,-1.599999999999957012e-01,3.800000000000030020e-01,-6.099999999999978773e-01,-9.599999999999990763e-01,-1.000000000000000000e+00
-4.699999999999995293e-01,2.000000000000028422e-01,2.700000000000029043e-01,-8.499999999999989786e-01,-1.999999999999735323e-02,-1.999999999999975131e-01,-9.999999999998232525e-03,-1.000000000000000000e+00,-5.099999999999977884e-01,-1.000000000000000000e+00,6.300000000000041123e-01,-1.000000000000000000e+00,-1.399999999999965716e-01,-9.799999999999973177e-01,8.700000000000016609e-01,-1.599999999999974776e-01,-1.000000000000000000e+00,-1.000000000000000000e+00,9.900000000000044320e-01,2.500000000000037748e-01,-1.000000000000000000e+00,1.800000000000028244e-01,-1.000000000000000000e+00,6.700000000000032596e-01,-8.499999999999980904e-01,5.200000000000049027e-01,-6.999999999999828582e-02,-1.000000000000000000e+00,6.900000000000023892e-01,-5.999999999999827693e-02,8.000000000000095923e-02,-1.599999999999957012e-01,9.400000000000026112e-01,4.600000000000030731e-01,-9.299999999999981615e-01,-5.299999999999986944e-01,-1.000000000000000000e+00,-1.799999999999983835e-01,-1.000000000000000000e+00,4.000000000000181188e-02,6.500000000000014655e-01,-2.599999999999975664e-01,5.700000000000022826e-01,9.500000000000035083e-01,-1.000000000000000000e+00,2.500000000000019984e-01,-1.000000000000000000e+00,3.300000000000011813e-01,-7.299999999999988720e-01,7.800000000000015810e-01,-6.599999999999979217e-01,-9.999999999999742428e-02,6.400000000000014566e-01,-5.099999999999986766e-01,-4.999999999999977796e-01,-1.000000000000000000e+00,6.800000000000041567e-01,-2.199999999999975309e-01,-5.799999999999987388e-01,-6.999999999999961808e-01,-8.599999999999980993e-01,-3.599999999999994316e-01,-1.000000000000000000e+00,2.200000000000037481e-01,-1.000000000000000000e+00,-4.199999999999994849e-01,-7.499999999999988898e-01,-2.899999999999984812e-01,-1.000000000000000000e+00,-2.699999999999984635e-01,-6.599999999999996980e-01,3.200000000000020606e-01,-8.299999999999998490e-01,-4.099999999999985878e-01,-9.999999999994679811e-03,-1.000000000000000000e+00,1.700000000000045919e-01,-7.599999999999962341e-01,-6.899999999999970601e-01,7.000000000000015099e-01,-5.999999999999827693e-02,-6.099999999999978773e-01,-1.000000000000000000e+00,-8.599999999999972111e-01
-4.699999999999995293e-01,-5.099999999999969003e-01,-3.299999999999985167e-01,-9.099999999999972555e-01,-1.999999999999975131e-01,-5.799999999999987388e-01,-1.599999999999983658e-01,-1.000000000000000000e+00,-7.899999999999989253e-01,2.600000000000020073e-01,5.300000000000031353e-01,-1.000000000000000000e+00,-1.399999999999965716e-01,-9.799999999999973177e-01,8.700000000000016609e-01,-8.799999999999990052e-01,-1.000000000000000000e+00,-1.000000000000000000e+00,8.300000000000034017e-01,4.400000000000012790e-01,-2.899999999999958167e-01,1.800000000000028244e-01,-1.000000000000000000e+00,6.700000000000032596e-01,-1.000000000000000000e+00,8.000000000000060396e-01,7.900000000000015898e-01,-1.000000000000000000e+00,1.600000000000028066e-01,-1.000000000000000000e+00,5.900000000000023004e-01,-6.699999999999952660e-01,1.900000000000010569e-01,-1.000000000000000000e+00,-9.999999999999120703e-03,-5.299999999999986944e-01,-1.000000000000000000e+00,-1.000000000000000000e+00,-8.699999999999972200e-01,-1.000000000000000000e+00,6.500000000000014655e-01,-7.699999999999989075e-01,5.700000000000022826e-01,5.000000000000270894e-02,-1.000000000000000000e+00,4.000000000000021316e-01,-1.000000000000000000e+00,1.000000000000018652e-01,-1.000000000000000000e+00,7.800000000000015810e-01,-6.599999999999979217e-01,-1.000000000000000000e+00,6.400000000000014566e-01,-5.099999999999986766e-01,-1.000000000000000000e+00,-7.899999999999989253e-01,6.800000000000041567e-01,-6.699999999999979305e-01,-1.000000000000000000e+00,9.000000000000540901e-02,-8.399999999999971934e-01,-1.000000000000000000e+00,9.000000000000016875e-01,2.200000000000037481e-01,-9.699999999999990852e-01,-4.199999999999994849e-01,1.700000000000028155e-01,-8.099999999999980549e-01,-1.000000000000000000e+00,-2.699999999999984635e-01,-1.000000000000000000e+00,3.200000000000020606e-01,-2.299999999999984279e-01,-1.000000000000000000e+00,-9.999999999994679811e-03,-5.499999999999987121e-01,1.700000000000045919e-01,-5.399999999999978151e-01,-8.199999999999971756e-01,3.900000000000030109e-01,-7.099999999999979661e-01,-6.099999999999978773e-01,-1.000000000000000000e+00,-1.000000000000000000e+00
-4.699999999999995293e-01,2.000000000000028422e-01,-3.299999999999985167e-01,-8.499999999999989786e-01,-5.599999999999987210e-01,-1.999999999999975131e-01,8.200000000000016165e-01,-5.699999999999978417e-01,-5.099999999999977884e-01,6.400000000000014566e-01,-3.799999999999967848e-01,-1.099999999999974332e-01,-1.399999999999965716e-01,-1.000000000000000000e+00,8.700000000000016609e-01,-8.799999999999990052e-01,-9.699999999999981970e-01,-1.000000000000000000e+00,4.300000000000021583e-01,-1.000000000000000000e+00,-9.199999999999972644e-01,1.800000000000028244e-01,-1.000000000000000000e+00,6.700000000000032596e-01,-1.000000000000000000e+00,5.200000000000049027e-01,1.900000000000019451e-01,-1.000000000000000000e+00,1.600000000000028066e-01,-8.699999999999981082e-01,9.100000000000034728e-01,-1.000000000000000000e+00,1.900000000000010569e-01,4.600000000000030731e-01,-1.000000000000000000e+00,-5.299999999999986944e-01,-1.000000000000000000e+00,-5.799999999999996270e-01,-8.899999999999990141e-01,5.500000000000022649e-01,6.500000000000023537e-01,-7.699999999999989075e-01,7.500000000000033307e-01,5.800000000000022915e-01,-1.000000000000000000e+00,2.500000000000011102e-01,-7.499999999999980016e-01,3.300000000000011813e-01,-5.599999999999987210e-01,9.000000000000185629e-02,-1.000000000000000000e+00,-1.000000000000000000e+00,8.800000000000025580e-01,-5.099999999999986766e-01,-4.999999999999977796e-01,-1.000000000000000000e+00,-9.699999999999990852e-01,-2.199999999999975309e-01,-5.799999999999987388e-01,-1.299999999999947864e-01,-1.000000000000000000e+00,-3.599999999999994316e-01,9.000000000000016875e-01,-2.599999999999966782e-01,-9.799999999999990941e-01,-4.199999999999994849e-01,-7.499999999999988898e-01,-2.899999999999984812e-01,-1.000000000000000000e+00,-2.699999999999984635e-01,-5.199999999999986855e-01,3.200000000000020606e-01,-4.899999999999986589e-01,-1.000000000000000000e+00,-6.599999999999979217e-01,-5.499999999999987121e-01,1.800000000000054889e-01,-1.000000000000000000e+00,-5.199999999999977973e-01,-1.299999999999983391e-01,-3.399999999999976374e-01,-6.099999999999978773e-01,-1.000000000000000000e+00,-8.599999999999972111e-01
-1.000000000000000000e+00,2.000000000000028422e-01,-1.000000000000000000e+00,-8.499999999999989786e-01,-1.999999999999735323e-02,-1.999999999999975131e-01,8.200000000000016165e-01,-1.000000000000000000e+00,-2.699999999999984635e-01,6.400000000000014566e-01,5.500000000000040412e-01,-1.000000000000000000e+00,-1.399999999999965716e-01,-1.000000000000000000e+00,8.700000000000016609e-01,-8.799999999999990052e-01,-9.699999999999981970e-01,-1.000000000000000000e+00,8.300000000000034017e-01,-1.000000000000000000e+00,2.664535259100375697e-15,1.800000000000028244e-01,-1.000000000000000000e+00,6.700000000000032596e-01,-9.199999999999990408e-01,5.200000000000049027e-01,-6.999999999999828582e-02,-1.000000000000000000e+00,7.500000000000042188e-01,-1.000000000000000000e+00,-8.999999999999990230e-01,-1.599999999999957012e-01,1.900000000000010569e-01,4.600000000000030731e-01,5.700000000000022826e-01,-5.299999999999986944e-01,-1.000000000000000000e+00,-1.799999999999983835e-01,-8.699999999999972200e-01,-1.000000000000000000e+00,9.000000000000185629e-02,-7.699999999999989075e-01,7.500000000000033307e-01,5.800000000000022915e-01,-1.000000000000000000e+00,9.700000000000026379e-01,-3.699999999999985523e-01,3.300000000000011813e-01,-5.599999999999987210e-01,7.800000000000015810e-01,-6.599999999999979217e-01,-1.000000000000000000e+00,6.400000000000014566e-01,-5.099999999999986766e-01,-4.999999999999977796e-01,-7.899999999999989253e-01,6.800000000000041567e-01,-2.199999999999975309e-01,-1.000000000000000000e+00,-6.999999999999961808e-01,-1.000000000000000000e+00,-3.599999999999994316e-01,9.000000000000016875e-01,-4.999999999999977796e-01,-5.299999999999986944e-01,-4.199999999999994849e-01,-7.499999999999988898e-01,-8.999999999999741540e-02,-2.999999999999984901e-01,-2.699999999999984635e-01,-2.999999999999825029e-02,3.200000000000020606e-01,2.600000000000028955e-01,-1.000000000000000000e+00,-9.999999999994679811e-03,1.900000000000028333e-01,1.700000000000045919e-01,-7.599999999999962341e-01,-8.199999999999971756e-01,4.100000000000030287e-01,-5.999999999999827693e-02,-6.099999999999978773e-01,-8.899999999999990141e-01,-8.599999999999972111e-01
-1.000000000000000000e+00,-1.199999999999965539e-01,1.700000000000028155e-01,-8.499999999999989786e-01,4.000000000000270006e-02,-1.499999999999974687e-01,4.100000000000030287e-01,-1.000000000000000000e+00,-5.099999999999977884e-01,3.900000000000021227e-01,5.300000000000031353e-01,-7.399999999999988809e-01,-1.699999999999965983e-01,-9.799999999999973177e-01,4.600000000000030731e-01,-8.799999999999990052e-01,-1.000000000000000000e+00,-1.000000000000000000e+00,9.900000000000044320e-01,-6.199999999999961098e-01,2.664535259100375697e-15,1.800000000000028244e-01,-4.999999999999986677e-01,6.700000000000032596e-01,-9.199999999999990408e-01,8.100000000000060485e-01,7.900000000000015898e-01,-1.000000000000000000e+00,5.400000000000040323e-01,-8.699999999999981082e-01,-8.999999999999990230e-01,-1.599999999999957012e-01,9.000000000000025757e-01,4.600000000000030731e-01,-6.799999999999988276e-01,-2.099999999999975220e-01,-1.000000000000000000e+00,-1.000000000000000000e+00,-1.000000000000000000e+00,-8.699999999999989964e-01,-1.000000000000000000e+00,-7.699999999999989075e-01,6.200000000000032152e-01,9.500000000000035083e-01,-1.000000000000000000e+00,4.000000000000181188e-02,-1.000000000000000000e+00,3.300000000000011813e-01,-7.299999999999988720e-01,8.100000000000024958e-01,-6.599999999999979217e-01,4.700000000000039702e-01,8.800000000000025580e-01,-7.499999999999980016e-01,-4.999999999999977796e-01,-1.000000000000000000e+00,6.800000000000041567e-01,-2.199999999999975309e-01,-5.799999999999987388e-01,-6.999999999999961808e-01,-8.599999999999980993e-01,1.776356839400250465e-15,-1.000000000000000000e+00,-4.999999999999977796e-01,-1.000000000000000000e+00,-1.299999999999983391e-01,-7.499999999999988898e-01,-2.899999999999984812e-01,-1.000000000000000000e+00,-2.699999999999984635e-01,-3.199999999999985079e-01,4.600000000000021849e-01,-8.299999999999998490e-01,-1.000000000000000000e+00,-6.599999999999979217e-01,-1.099999999999929923e-01,5.000000000000057732e-01,-5.399999999999978151e-01,-6.899999999999970601e-01,3.600000000000020961e-01,-5.999999999999827693e-02,-6.099999999999978773e-01,-1.000000000000000000e+00,-1.599999999999965894e-01
-7.699999999999989075e-01,2.000000000000028422e-01,-3.299999999999985167e-01,-5.499999999999978240e-01,-5.599999999999987210e-01,-1.999999999999975131e-01,8.200000000000016165e-01,-1.000000000000000000e+00,-5.099999999999977884e-01,6.400000000000014566e-01,5.500000000000049294e-01,6.000000000000040856e-01,-1.399999999999965716e-01,-1.000000000000000000e+00,8.700000000000016609e-01,-8.799999999999990052e-01,-9.699999999999981970e-01,-1.000000000000000000e+00,4.300000000000021583e-01,4.400000000000012790e-01,2.664535259100375697e-15,1.800000000000028244e-01,-8.699999999999989964e-01,6.700000000000032596e-01,-9.199999999999990408e-01,5.200000000000049027e-01,-6.999999999999828582e-02,-1.000000000000000000e+00,1.600000000000028066e-01,-1.000000000000000000e+00,8.000000000000095923e-02,-7.999999999999563016e-02,1.900000000000010569e-01,6.200000000000023270e-01,-1.000000000000000000e+00,-5.299999999999986944e-01,-8.499999999999989786e-01,-5.799999999999996270e-01,-1.000000000000000000e+00,-1.000000000000000000e+00,6.500000000000014655e-01,-7.699999999999989075e-01,7.500000000000033307e-01,5.800000000000022915e-01,-1.000000000000000000e+00,2.500000000000011102e-01,-1.000000000000000000e+00,7.700000000000024603e-01,-3.999999999999737099e-02,7.800000000000015810e-01,-1.000000000000000000e+00,-1.000000000000000000e+00,8.800000000000025580e-01,-5.099999999999986766e-01,-4.999999999999977796e-01,-9.299999999999990496e-01,6.800000000000041567e-01,-2.199999999999975309e-01,-1.000000000000000000e+00,-6.999999999999961808e-01,-1.000000000000000000e+00,-3.599999999999994316e-01,-1.000000000000000000e+00,-4.999999999999977796e-01,-1.000000000000000000e+00,-2.099999999999984102e-01,7.000000000000095035e-02,-2.899999999999984812e-01,-1.000000000000000000e+00,-2.699999999999984635e-01,-3.199999999999985079e-01,6.000000000000094147e-02,-8.299999999999998490e-01,-1.000000000000000000e+00,-6.599999999999979217e-01,-5.499999999999987121e-01,1.700000000000045919e-01,-1.000000000000000000e+00,-2.999999999999976019e-01,7.000000000000015099e-01,-5.999999999999827693e-02,-6.099999999999978773e-01,-1.000000000000000000e+00,-8.599999999999972111e-01
-7.399999999999988809e-01,2.000000000000028422e-01,-3.299999999999985167e-01,-8.499999999999989786e-01,5.000000000000270894e-02,-4.299999999999968292e-01,8.200000000000016165e-01,-3.399999999999985256e-01,4.440892098500626162e-15,-1.000000000000000000e+00,5.500000000000049294e-01,-1.000000000000000000e+00,-7.199999999999961986e-01,2.000000000000268230e-02,8.700000000000016609e-01,-8.799999999999990052e-01,-6.799999999999988276e-01,-1.000000000000000000e+00,-1.699999999999965983e-01,-1.000000000000000000e+00,2.664535259100375697e-15,1.200000000000045475e-01,-1.000000000000000000e+00,6.700000000000032596e-01,-9.199999999999990408e-01,5.200000000000049027e-01,7.900000000000015898e-01,-1.000000000000000000e+00,1.600000000000028066e-01,1.100000000000036504e-01,9.100000000000034728e-01,-7.999999999999563016e-02,1.900000000000010569e-01,6.200000000000023270e-01,7.500000000000024425e-01,-1.599999999999974776e-01,-1.000000000000000000e+00,-5.799999999999996270e-01,-8.699999999999972200e-01,-1.000000000000000000e+00,-1.000000000000000000e+00,-7.699999999999989075e-01,-1.000000000000000000e+00,5.200000000000040146e-01,-1.000000000000000000e+00,2.500000000000011102e-01,-1.000000000000000000e+00,1.000000000000018652e-01,-7.199999999999988631e-01,9.000000000000185629e-02,7.200000000000033040e-01,-1.000000000000000000e+00,6.400000000000014566e-01,-5.099999999999986766e-01,-9.199999999999972644e-01,-1.000000000000000000e+00,-9.699999999999990852e-01,-9.999999999996456168e-03,-5.799999999999987388e-01,-6.999999999999961808e-01,-1.000000000000000000e+00,-3.599999999999994316e-01,9.000000000000016875e-01,-4.999999999999977796e-01,-9.799999999999990941e-01,-2.099999999999984102e-01,7.000000000000095035e-02,-2.899999999999984812e-01,-2.999999999999984901e-01,-2.699999999999984635e-01,-5.199999999999986855e-01,-8.999999999999741540e-02,-4.899999999999986589e-01,-9.299999999999981615e-01,-6.599999999999979217e-01,-5.499999999999987121e-01,2.300000000000055334e-01,-4.299999999999977174e-01,5.329070518200751394e-15,-1.299999999999983391e-01,-3.399999999999976374e-01,-6.099999999999978773e-01,-8.899999999999990141e-01,-8.599999999999972111e-01
-4.699999999999995293e-01,-5.799999999999969624e-01,-3.299999999999985167e-01,-8.499999999999989786e-01,-5.599999999999987210e-01,-1.999999999999975131e-01,-1.599999999999983658e-01,-1.000000000000000000e+00,-1.000000000000000000e+00,6.400000000000014566e-01,5.300000000000031353e-01,-1.000000000000000000e+00,-1.399999999999965716e-01,-1.000000000000000000e+00,8.700000000000016609e-01,-1.000000000000000000e+00,-9.699999999999981970e-01,-1.000000000000000000e+00,8.300000000000034017e-01,-1.000000000000000000e+00,-2.899999999999958167e-01,1.800000000000028244e-01,-1.000000000000000000e+00,-2.699999999999966871e-01,-9.199999999999990408e-01,5.200000000000049027e-01,-6.999999999999828582e-02,-1.000000000000000000e+00,6.900000000000023892e-01,-1.000000000000000000e+00,-8.999999999999990230e-01,-1.599999999999957012e-01,1.900000000000010569e-01,4.600000000000030731e-01,-9.999999999999120703e-03,-5.299999999999986944e-01,-1.000000000000000000e+00,-5.799999999999996270e-01,-8.899999999999990141e-01,5.500000000000022649e-01,9.000000000000185629e-02,-7.699999999999989075e-01,6.800000000000032685e-01,5.800000000000022915e-01,-1.000000000000000000e+00,2.500000000000011102e-01,-1.000000000000000000e+00,3.300000000000011813e-01,-1.000000000000000000e+00,7.800000000000015810e-01,-1.000000000000000000e+00,-1.000000000000000000e+00,8.800000000000025580e-01,-5.099999999999986766e-01,-6.199999999999969980e-01,-7.899999999999989253e-01,6.800000000000041567e-01,-2.199999999999975309e-01,-7.699999999999989075e-01,-6.999999999999961808e-01,-1.000000000000000000e+00,-3.599999999999994316e-01,9.000000000000016875e-01,2.200000000000037481e-01,-2.399999999999975486e-01,-4.199999999999994849e-01,7.000000000000095035e-02,-2.699999999999975753e-01,-1.000000000000000000e+00,-2.699999999999984635e-01,-1.000000000000000000e+00,3.200000000000020606e-01,-3.999999999999825917e-02,-3.099999999999984990e-01,-6.599999999999979217e-01,-8.099999999999971667e-01,2.300000000000055334e-01,-1.000000000000000000e+00,-8.199999999999971756e-01,3.900000000000030109e-01,-5.999999999999827693e-02,-6.099999999999978773e-01,-1.000000000000000000e+00,-1.000000000000000000e+00
-4.699999999999995293e-01,-5.799999999999969624e-01,-3.299999999999985167e-01,-8.499999999999989786e-01,-5.599999999999987210e-01,6.900000000000041656e-01,-1.599999999999983658e-01,-1.000000000000000000e+00,-1.000000000000000000e+00,6.400000000000014566e-01,5.500000000000049294e-01,-1.000000000000000000e+00,-1.399999999999965716e-01,-1.000000000000000000e+00,8.700000000000016609e-01,-8.799999999999990052e-01,-1.599999999999983658e-01,-1.000000000000000000e+00,4.300000000000021583e-01,-4.099999999999985878e-01,2.664535259100375697e-15,1.800000000000028244e-01,-1.000000000000000000e+00,6.700000000000032596e-01,-9.199999999999990408e-01,5.200000000000049027e-01,7.900000000000015898e-01,-1.000000000000000000e+00,6.900000000000023892e-01,-1.000000000000000000e+00,8.000000000000095923e-02,-7.999999999999563016e-02,-1.599999999999983658e-01,4.600000000000030731e-01,-9.999999999999120703e-03,-5.299999999999986944e-01,-1.000000000000000000e+00,-5.799999999999996270e-01,-1.000000000000000000e+00,4.000000000000181188e-02,6.500000000000014655e-01,-7.699999999999989075e-01,6.800000000000032685e-01,5.800000000000022915e-01,-1.000000000000000000e+00,2.500000000000011102e-01,-1.000000000000000000e+00,7.700000000000024603e-01,-7.199999999999988631e-01,7.800000000000015810e-01,7.200000000000033040e-01,-1.000000000000000000e+00,6.400000000000014566e-01,-5.099999999999986766e-01,-9.199999999999972644e-01,1.000000000000027534e-01,6.800000000000041567e-01,-2.199999999999975309e-01,-1.000000000000000000e+00,-6.999999999999961808e-01,-1.000000000000000000e+00,-1.000000000000000000e+00,9.000000000000016875e-01,-4.999999999999977796e-01,-1.000000000000000000e+00,-4.199999999999994849e-01,-7.499999999999988898e-01,-2.899999999999984812e-01,-1.000000000000000000e+00,-2.699999999999984635e-01,-3.199999999999985079e-01,6.000000000000094147e-02,-1.699999999999983746e-01,-1.000000000000000000e+00,-3.399999999999958611e-01,-5.499999999999987121e-01,1.700000000000045919e-01,-3.199999999999967315e-01,-8.199999999999971756e-01,3.900000000000030109e-01,-5.999999999999827693e-02,-6.099999999999978773e-01,-8.899999999999990141e-01,-8.599999999999972111e-01
-4.699999999999995293e-01,1.300000000000045564e-01,-3.299999999999985167e-01,-8.499999999999989786e-01,-1.999999999999735323e-02,-1.999999999999975131e-01,2.300000000000019806e-01,-1.000000000000000000e+00,2.200000000000037481e-01,-1.000000000000000000e+00,6.300000000000041123e-01,-2.999999999999825029e-02,-1.399999999999965716e-01,-1.000000000000000000e+00,8.700000000000016609e-01,-8.799999999999990052e-01,-5.699999999999987299e-01,-1.000000000000000000e+00,4.300000000000021583e-01,-2.999999999999976019e-01,-2.899999999999958167e-01,1.800000000000028244e-01,-8.699999999999989964e-01,6.700000000000032596e-01,-9.199999999999990408e-01,5.200000000000049027e-01,-6.999999999999828582e-02,-1.000000000000000000e+00,6.900000000000023892e-01,-1.000000000000000000e+00,5.900000000000023004e-01,-1.599999999999957012e-01,1.900000000000010569e-01,8.200000000000042810e-01,5.700000000000022826e-01,-5.299999999999986944e-01,-1.000000000000000000e+00,-1.799999999999983835e-01,-8.699999999999972200e-01,4.000000000000181188e-02,6.500000000000014655e-01,-7.699999999999989075e-01,6.800000000000032685e-01,5.800000000000022915e-01,-1.000000000000000000e+00,-3.199999999999985079e-01,-1.000000000000000000e+00,3.300000000000011813e-01,-5.599999999999987210e-01,7.800000000000015810e-01,-6.599999999999979217e-01,-1.000000000000000000e+00,6.400000000000014566e-01,-5.099999999999986766e-01,-4.999999999999977796e-01,-7.899999999999989253e-01,6.800000000000041567e-01,3.552713678800500929e-15,-1.000000000000000000e+00,-6.999999999999961808e-01,-8.599999999999980993e-01,1.776356839400250465e-15,9.000000000000016875e-01,2.200000000000037481e-01,-4.699999999999986411e-01,-4.199999999999994849e-01,-7.499999999999988898e-01,-2.899999999999984812e-01,-1.000000000000000000e+00,4.500000000000030642e-01,-6.599999999999996980e-01,3.200000000000020606e-01,-1.000000000000000000e+00,-4.099999999999985878e-01,-9.999999999994679811e-03,-5.499999999999987121e-01,1.700000000000045919e-01,-6.999999999999473310e-02,-8.199999999999971756e-01,7.000000000000015099e-01,3.800000000000030020e-01,-6.099999999999978773e-01,-1.000000000000000000e+00,-8.599999999999972111e-01
-4.699999999999995293e-01,-2.999999999999558575e-02,-3.599999999999976552e-01,-8.499999999999989786e-01,-5.599999999999987210e-01,-5.799999999999987388e-01,-1.000000000000000000e+00,-3.399999999999985256e-01,-5.099999999999977884e-01,-3.999999999999825917e-02,5.300000000000031353e-01,-5.499999999999987121e-01,-4.799999999999950973e-01,-9.799999999999973177e-01,8.700000000000016609e-01,-1.000000000000000000e+00,-1.599999999999983658e-01,-7.799999999999980282e-01,6.700000000000041478e-01,-1.000000000000000000e+00,9.400000000000043876e-01,1.800000000000028244e-01,-8.699999999999989964e-01,6.700000000000032596e-01,-5.499999999999987121e-01,3.900000000000056755e-01,7.900000000000015898e-01,-1.000000000000000000e+00,1.600000000000028066e-01,-1.000000000000000000e+00,-8.999999999999990230e-01,-1.000000000000000000e+00,1.900000000000010569e-01,-7.999999999999740652e-02,7.500000000000024425e-01,-5.299999999999986944e-01,-1.000000000000000000e+00,-1.000000000000000000e+00,-8.699999999999972200e-01,-1.000000000000000000e+00,6.500000000000014655e-01,-9.999999999999742428e-02,6.800000000000032685e-01,5.800000000000022915e-01,-6.099999999999996536e-01,4.000000000000021316e-01,-1.000000000000000000e+00,1.000000000000018652e-01,-7.199999999999988631e-01,9.000000000000185629e-02,-1.000000000000000000e+00,-2.799999999999984723e-01,6.400000000000014566e-01,-5.099999999999986766e-01,-4.999999999999977796e-01,-1.000000000000000000e+00,-1.000000000000000000e+00,-1.000000000000000000e+00,-1.000000000000000000e+00,9.000000000000540901e-02,-1.000000000000000000e+00,-3.599999999999994316e-01,9.000000000000016875e-01,-4.999999999999977796e-01,-9.799999999999990941e-01,-4.199999999999994849e-01,-9.999999999999982236e-01,4.700000000000030820e-01,-2.999999999999984901e-01,-2.699999999999984635e-01,-5.199999999999986855e-01,4.600000000000021849e-01,-2.299999999999984279e-01,-2.099999999999984102e-01,-9.999999999994679811e-03,-5.499999999999987121e-01,2.300000000000055334e-01,-5.399999999999978151e-01,5.329070518200751394e-15,4.100000000000030287e-01,-8.799999999999972289e-01,-6.099999999999978773e-01,4.000000000000270006e-02,-8.599999999999972111e-01
-4.699999999999995293e-01,2.000000000000028422e-01,-3.299999999999985167e-01,-8.499999999999989786e-01,-5.599999999999987210e-01,-1.999999999999975131e-01,-1.599999999999983658e-01,-1.000000000000000000e+00,-5.099999999999977884e-01,6.400000000000014566e-01,5.500000000000040412e-01,-1.099999999999974332e-01,-1.399999999999965716e-01,-1.000000000000000000e+00,8.700000000000016609e-01,-8.799999999999990052e-01,-1.599999999999983658e-01,-4.299999999999986056e-01,8.300000000000034017e-01,4.400000000000012790e-01,2.664535259100375697e-15,1.800000000000028244e-01,-8.699999999999989964e-01,6.700000000000032596e-01,-9.199999999999990408e-01,5.200000000000049027e-01,-6.999999999999828582e-02,-1.000000000000000000e+00,6.900000000000023892e-01,-1.000000000000000000e+00,5.900000000000023004e-01,-1.599999999999957012e-01,1.900000000000010569e-01,4.600000000000030731e-01,-9.999999999999120703e-03,-5.299999999999986944e-01,-1.000000000000000000e+00,-1.000000000000000000e+00,-8.899999999999990141e-01,4.000000000000181188e-02,6.500000000000014655e-01,-7.699999999999989075e-01,7.500000000000033307e-01,5.800000000000022915e-01,-1.000000000000000000e+00,2.500000000000011102e-01,-1.000000000000000000e+00,1.000000000000018652e-01,-6.699999999999988187e-01,7.800000000000015810e-01,-1.000000000000000000e+00,-1.000000000000000000e+00,6.400000000000014566e-01,-5.099999999999986766e-01,-4.999999999999977796e-01,-7.899999999999989253e-01,6.800000000000041567e-01,-6.699999999999979305e-01,-7.699999999999989075e-01,-1.299999999999947864e-01,-5.499999999999987121e-01,-1.000000000000000000e+00,9.000000000000016875e-01,2.200000000000037481e-01,-1.000000000000000000e+00,-4.199999999999994849e-01,7.000000000000095035e-02,-2.899999999999984812e-01,-2.999999999999984901e-01,-2.699999999999984635e-01,-2.999999999999825029e-02,3.200000000000020606e-01,-3.999999999999825917e-02,-1.000000000000000000e+00,-9.699999999999955325e-01,-5.499999999999987121e-01,2.300000000000055334e-01,-3.199999999999967315e-01,-5.199999999999977973e-01,-5.899999999999969713e-01,-5.999999999999827693e-02,-6.099999999999978773e-01,-1.000000000000000000e+00,-8.599999999999972111e-01
-4.699999999999995293e-01,1.300000000000045564e-01,-3.299999999999985167e-01,-1.000000000000000000e+00,-5.599999999999987210e-01,-1.999999999999975131e-01,-1.599999999999983658e-01,-1.000000000000000000e+00,-1.000000000000000000e+00,-1.000000000000000000e+00,6.300000000000041123e-01,-1.000000000000000000e+00,-1.399999999999965716e-01,-1.000000000000000000e+00,8.700000000000016609e-01,-8.799999999999990052e-01,-9.599999999999981881e-01,-1.000000000000000000e+00,-1.000000000000000000e+00,-1.000000000000000000e+00,-1.000000000000000000e+00,1.200000000000045475e-01,-1.000000000000000000e+00,6.700000000000032596e-01,-1.000000000000000000e+00,5.200000000000049027e-01,1.900000000000019451e-01,-1.000000000000000000e+00,1.600000000000028066e-01,-1.000000000000000000e+00,5.900000000000023004e-01,-1.599999999999957012e-01,1.900000000000010569e-01,4.600000000000030731e-01,5.700000000000022826e-01,-1.599999999999974776e-01,-1.000000000000000000e+00,-1.799999999999983835e-01,-8.699999999999972200e-01,4.000000000000181188e-02,6.500000000000014655e-01,-7.699999999999989075e-01,6.800000000000032685e-01,5.800000000000022915e-01,-6.099999999999996536e-01,2.500000000000011102e-01,-1.000000000000000000e+00,1.000000000000018652e-01,-7.199999999999988631e-01,9.000000000000185629e-02,-6.599999999999979217e-01,-1.000000000000000000e+00,-1.000000000000000000e+00,-5.099999999999986766e-01,-4.999999999999977796e-01,-7.899999999999989253e-01,6.800000000000041567e-01,-2.199999999999975309e-01,-1.000000000000000000e+00,-6.999999999999961808e-01,-8.599999999999980993e-01,1.776356839400250465e-15,-1.000000000000000000e+00,-4.999999999999977796e-01,-9.799999999999990941e-01,-4.199999999999994849e-01,-7.499999999999988898e-01,-2.899999999999984812e-01,-2.999999999999984901e-01,-2.699999999999984635e-01,-5.199999999999986855e-01,3.200000000000020606e-01,-3.999999999999825917e-02,-4.099999999999985878e-01,-6.599999999999979217e-01,-5.499999999999987121e-01,1.700000000000045919e-01,-7.599999999999962341e-01,-8.199999999999971756e-01,-1.199999999999965539e-01,-5.999999999999827693e-02,-6.099999999999978773e-01,-8.899999999999990141e-01,-8.599999999999972111e-01
-4.699999999999995293e-01,2.000000000000028422e-01,-3.299999999999985167e-01,-9.099999999999972555e-01,-7.099999999999979661e-01,-5.799999999999987388e-01,8.200000000000016165e-01,-1.000000000000000000e+00,-5.099999999999977884e-01,-1.000000000000000000e+00,5.300000000000031353e-01,-1.000000000000000000e+00,-1.399999999999965716e-01,-2.899999999999975930e-01,8.700000000000016609e-01,-8.799999999999990052e-01,-2.499999999999984457e-01,-9.199999999999990408e-01,6.700000000000041478e-01,4.400000000000012790e-01,-2.899999999999958167e-01,1.800000000000028244e-01,-1.000000000000000000e+00,6.700000000000032596e-01,-9.199999999999990408e-01,3.900000000000056755e-01,7.900000000000015898e-01,-1.000000000000000000e+00,1.600000000000028066e-01,-8.699999999999981082e-01,-8.999999999999990230e-01,-6.699999999999952660e-01,1.900000000000010569e-01,6.200000000000023270e-01,-9.999999999999120703e-03,-5.299999999999986944e-01,-1.000000000000000000e+00,-1.000000000000000000e+00,-1.000000000000000000e+00,8.400000000000034106e-01,6.500000000000014655e-01,-9.999999999999742428e-02,9.600000000000026290e-01,5.800000000000022915e-01,-6.099999999999996536e-01,2.500000000000011102e-01,-4.899999999999977707e-01,-5.599999999999987210e-01,-7.199999999999988631e-01,7.800000000000015810e-01,-1.000000000000000000e+00,-1.000000000000000000e+00,-8.499999999999989786e-01,-5.099999999999986766e-01,-1.000000000000000000e+00,-1.000000000000000000e+00,6.800000000000041567e-01,5.400000000000040323e-01,-1.000000000000000000e+00,3.100000000000064926e-01,-3.399999999999985256e-01,-3.599999999999994316e-01,9.000000000000016875e-01,2.200000000000037481e-01,-9.699999999999990852e-01,-4.199999999999994849e-01,-9.999999999999982236e-01,4.700000000000030820e-01,-1.000000000000000000e+00,-2.699999999999984635e-01,-1.000000000000000000e+00,2.100000000000019629e-01,-9.299999999999990496e-01,-1.000000000000000000e+00,-6.599999999999979217e-01,8.400000000000034106e-01,1.700000000000045919e-01,-5.399999999999978151e-01,-1.699999999999957101e-01,7.000000000000015099e-01,-5.999999999999827693e-02,-6.099999999999978773e-01,-1.000000000000000000e+00,4.500000000000039524e-01
-1.000000000000000000e+00,2.000000000000028422e-01,-3.299999999999985167e-01,-5.499999999999978240e-01,-1.499999999999974687e-01,-1.999999999999975131e-01,8.200000000000016165e-01,-1.000000000000000000e+00,-5.099999999999977884e-01,6.400000000000014566e-01,-1.000000000000000000e+00,-1.000000000000000000e+00,-1.399999999999965716e-01,-1.000000000000000000e+00,-7.999999999999829470e-02,-8.799999999999990052e-01,-9.699999999999981970e-01,-1.000000000000000000e+00,8.300000000000034017e-01,-1.000000000000000000e+00,-1.000000000000000000e+00,1.800000000000028244e-01,-1.000000000000000000e+00,6.700000000000032596e-01,-9.199999999999990408e-01,5.200000000000049027e-01,-6.999999999999828582e-02,-1.000000000000000000e+00,6.900000000000023892e-01,-1.000000000000000000e+00,5.900000000000023004e-01,-1.599999999999957012e-01,-7.099999999999988542e-01,4.600000000000030731e-01,-1.000000000000000000e+00,-1.000000000000000000e+00,-1.000000000000000000e+00,-5.799999999999996270e-01,-8.699999999999972200e-01,4.000000000000181188e-02,6.500000000000014655e-01,-7.699999999999989075e-01,7.500000000000033307e-01,5.800000000000022915e-01,-1.000000000000000000e+00,2.500000000000011102e-01,-1.000000000000000000e+00,3.300000000000011813e-01,-5.599999999999987210e-01,7.800000000000015810e-01,-1.000000000000000000e+00,-1.000000000000000000e+00,6.400000000000014566e-01,-5.099999999999986766e-01,-4.999999999999977796e-01,-7.899999999999989253e-01,6.800000000000041567e-01,-2.199999999999975309e-01,-7.699999999999989075e-01,-1.000000000000000000e+00,-8.599999999999980993e-01,1.776356839400250465e-15,-1.000000000000000000e+00,2.200000000000037481e-01,-1.000000000000000000e+00,-4.199999999999994849e-01,7.000000000000095035e-02,-2.899999999999984812e-01,-2.999999999999984901e-01,-2.699999999999984635e-01,-6.599999999999996980e-01,3.200000000000020606e-01,-3.999999999999825917e-02,-9.299999999999981615e-01,-6.599999999999979217e-01,-5.499999999999987121e-01,1.800000000000054889e-01,-1.000000000000000000e+00,-8.199999999999971756e-01,4.100000000000030287e-01,-2.399999999999975486e-01,-6.099999999999978773e-01,-8.899999999999990141e-01,-8.599999999999972111e-01
-4.699999999999995293e-01,-5.799999999999969624e-01,-1.000000000000000000e+00,-8.499999999999989786e-01,-7.099999999999979661e-01,-1.999999999999975131e-01,8.200000000000016165e-01,-1.000000000000000000e+00,-5.099999999999977884e-01,-1.000000000000000000e+00,5.300000000000031353e-01,-1.000000000000000000e+00,-1.000000000000000000e+00,-2.199999999999984190e-01,4.600000000000030731e-01,-1.000000000000000000e+00,-1.000000000000000000e+00,-1.000000000000000000e+00,8.300000000000034017e-01,-1.000000000000000000e+00,-2.899999999999958167e-01,-2.399999999999966604e-01,-1.000000000000000000e+00,6.700000000000032596e-01,-9.199999999999990408e-01,3.900000000000056755e-01,1.900000000000019451e-01,-1.000000000000000000e+00,6.900000000000023892e-01,-1.000000000000000000e+00,5.900000000000023004e-01,-1.599999999999957012e-01,9.000000000000025757e-01,6.200000000000023270e-01,-9.999999999999120703e-03,-5.299999999999986944e-01,-1.000000000000000000e+00,-1.000000000000000000e+00,-8.699999999999972200e-01,4.000000000000181188e-02,6.500000000000014655e-01,-1.000000000000000000e+00,9.600000000000026290e-01,3.000000000000269118e-02,-1.000000000000000000e+00,2.500000000000011102e-01,-1.000000000000000000e+00,1.000000000000018652e-01,-1.000000000000000000e+00,7.800000000000015810e-01,5.800000000000058442e-01,-1.000000000000000000e+00,6.400000000000014566e-01,-5.099999999999986766e-01,-1.000000000000000000e+00,-1.000000000000000000e+00,6.800000000000041567e-01,-4.199999999999968203e-01,-1.000000000000000000e+00,-6.999999999999961808e-01,-3.399999999999985256e-01,-3.599999999999994316e-01,9.000000000000016875e-01,-4.999999999999977796e-01,-1.000000000000000000e+00,-4.199999999999994849e-01,-7.499999999999988898e-01,-1.000000000000000000e+00,-1.000000000000000000e+00,-2.499999999999975575e-01,-1.000000000000000000e+00,3.200000000000020606e-01,-9.299999999999990496e-01,-1.000000000000000000e+00,-3.399999999999958611e-01,-5.499999999999987121e-01,1.700000000000045919e-01,-5.399999999999978151e-01,-3.499999999999958700e-01,3.900000000000030109e-01,-5.999999999999827693e-02,-6.099999999999978773e-01,-8.899999999999990141e-01,-8.599999999999972111e-01
-1.000000000000000000e+00,2.000000000000028422e-01,-3.299999999999985167e-01,-9.099999999999972555e-01,-5.599999999999987210e-01,-5.799999999999987388e-01,-1.000000000000000000e+00,-1.000000000000000000e+00,-5.099999999999977884e-01,-1.000000000000000000e+00,5.300000000000031353e-01,-1.000000000000000000e+00,-1.399999999999965716e-01,-9.799999999999973177e-01,4.600000000000030731e-01,-8.799999999999990052e-01,-1.000000000000000000e+00,-9.199999999999990408e-01,6.700000000000041478e-01,4.400000000000012790e-01,-2.899999999999958167e-01,1.800000000000028244e-01,-8.699999999999989964e-01,6.700000000000032596e-01,-9.199999999999990408e-01,3.900000000000056755e-01,-6.999999999999828582e-02,-1.000000000000000000e+00,1.600000000000028066e-01,-8.699999999999981082e-01,-8.999999999999990230e-01,-1.599999999999957012e-01,9.000000000000025757e-01,6.200000000000023270e-01,-9.999999999999120703e-03,-5.299999999999986944e-01,-1.000000000000000000e+00,-1.000000000000000000e+00,-8.499999999999989786e-01,9.000000000000185629e-02,6.500000000000014655e-01,-9.999999999999742428e-02,5.700000000000022826e-01,5.800000000000022915e-01,-6.099999999999996536e-01,2.500000000000011102e-01,-3.699999999999985523e-01,3.300000000000011813e-01,-7.199999999999988631e-01,7.800000000000015810e-01,-1.000000000000000000e+00,-1.000000000000000000e+00,-1.000000000000000000e+00,-5.099999999999986766e-01,-1.000000000000000000e+00,-1.000000000000000000e+00,6.800000000000041567e-01,-2.199999999999975309e-01,-9.299999999999981615e-01,7.700000000000069011e-01,-8.399999999999971934e-01,-3.599999999999994316e-01,7.500000000000024425e-01,7.300000000000050893e-01,-1.000000000000000000e+00,-4.899999999999986589e-01,-9.999999999999982236e-01,-1.000000000000000000e+00,-1.000000000000000000e+00,-2.699999999999984635e-01,-1.000000000000000000e+00,4.600000000000021849e-01,-2.299999999999984279e-01,-1.000000000000000000e+00,-6.599999999999979217e-01,-1.999999999999824141e-02,1.700000000000045919e-01,-5.399999999999978151e-01,-3.499999999999958700e-01,4.100000000000030287e-01,-7.099999999999979661e-01,3.700000000000038813e-01,-8.899999999999990141e-01,-8.599999999999972111e-01
-4.699999999999995293e-01,9.300000000000043787e-01,-1.000000000000000000e+00,-6.599999999999979217e-01,-5.599999999999987210e-01,-1.499999999999974687e-01,-9.999999999998232525e-03,-1.000000000000000000e+00,-5.099999999999977884e-01,3.900000000000021227e-01,5.500000000000040412e-01,-7.399999999999988809e-01,-1.399999999999965716e-01,-1.000000000000000000e+00,8.700000000000016609e-01,-8.799999999999990052e-01,-3.499999999999985345e-01,-3.699999999999985523e-01,9.900000000000044320e-01,-7.999999999999563016e-02,2.664535259100375697e-15,1.800000000000028244e-01,-8.499999999999980904e-01,4.300000000000039346e-01,-3.799999999999967848e-01,5.200000000000049027e-01,7.900000000000015898e-01,-1.000000000000000000e+00,1.600000000000028066e-01,-8.699999999999981082e-01,8.000000000000095923e-02,5.000000000000537348e-02,1.900000000000010569e-01,4.600000000000030731e-01,5.700000000000022826e-01,-5.299999999999986944e-01,-1.000000000000000000e+00,-5.799999999999996270e-01,-1.000000000000000000e+00,4.000000000000181188e-02,6.500000000000014655e-01,-2.599999999999975664e-01,5.700000000000022826e-01,-1.000000000000000000e+00,-1.000000000000000000e+00,-3.199999999999985079e-01,-1.000000000000000000e+00,3.300000000000011813e-01,-5.599999999999987210e-01,7.800000000000015810e-01,7.200000000000033040e-01,-7.599999999999971223e-01,1.600000000000028066e-01,-5.099999999999986766e-01,-4.999999999999968914e-01,-7.899999999999989253e-01,6.800000000000041567e-01,-2.199999999999975309e-01,-1.000000000000000000e+00,-6.999999999999961808e-01,-8.599999999999980993e-01,-3.599999999999994316e-01,9.000000000000016875e-01,-4.999999999999977796e-01,-1.000000000000000000e+00,-1.000000000000000000e+00,6.300000000000023359e-01,-2.899999999999984812e-01,-1.000000000000000000e+00,4.500000000000030642e-01,-3.199999999999985079e-01,6.000000000000094147e-02,-1.000000000000000000e+00,-1.000000000000000000e+00,-9.999999999999653610e-02,-5.499999999999987121e-01,1.700000000000045919e-01,-5.399999999999978151e-01,-6.899999999999970601e-01,7.000000000000015099e-01,-5.999999999999827693e-02,-6.199999999999969980e-01,-1.000000000000000000e+00,-1.599999999999965894e-01
-9.799999999999990941e-01,2.000000000000028422e-01,-3.299999999999985167e-01,-9.099999999999972555e-01,-5.599999999999987210e-01,-1.999999999999975131e-01,2.300000000000019806e-01,-1.000000000000000000e+00,2.200000000000037481e-01,2.600000000000020073e-01,5.500000000000040412e-01,-2.999999999999825029e-02,-1.399999999999965716e-01,-1.000000000000000000e+00,8.700000000000016609e-01,7.000000000000272671e-02,-1.000000000000000000e+00,-1.000000000000000000e+00,6.700000000000041478e-01,4.400000000000012790e-01,-2.899999999999958167e-01,1.800000000000028244e-01,-8.699999999999989964e-01,6.400000000000050093e-01,-8.499999999999980904e-01,5.200000000000049027e-01,7.900000000000015898e-01,-1.000000000000000000e+00,1.600000000000028066e-01,-1.000000000000000000e+00,-8.999999999999990230e-01,-1.599999999999957012e-01,1.900000000000010569e-01,6.700000000000041478e-01,-9.999999999999120703e-03,-8.899999999999981259e-01,-1.000000000000000000e+00,-1.000000000000000000e+00,-1.000000000000000000e+00,-1.000000000000000000e+00,6.500000000000014655e-01,-9.999999999999742428e-02,5.700000000000022826e-01,5.800000000000022915e-01,-1.000000000000000000e+00,-3.199999999999985079e-01,2.600000000000028955e-01,-5.599999999999987210e-01,-7.199999999999988631e-01,7.800000000000015810e-01,7.200000000000033040e-01,-1.000000000000000000e+00,6.400000000000014566e-01,-5.099999999999986766e-01,-1.000000000000000000e+00,-7.899999999999989253e-01,6.800000000000041567e-01,-6.699999999999979305e-01,-1.000000000000000000e+00,-4.399999999999941735e-01,-8.399999999999971934e-01,-3.599999999999994316e-01,9.000000000000016875e-01,-4.999999999999977796e-01,-1.000000000000000000e+00,-4.199999999999994849e-01,-9.999999999999982236e-01,4.700000000000030820e-01,-1.000000000000000000e+00,4.500000000000030642e-01,-1.000000000000000000e+00,4.600000000000021849e-01,-1.000000000000000000e+00,-1.000000000000000000e+00,-9.999999999994679811e-03,-5.499999999999987121e-01,1.700000000000045919e-01,-5.399999999999978151e-01,-8.199999999999971756e-01,7.000000000000015099e-01,-7.099999999999979661e-01,-6.099999999999978773e-01,-1.000000000000000000e+00,-1.000000000000000000e+00
-1.000000000000000000e+00,2.000000000000028422e-01,-1.599999999999974776e-01,-4.699999999999959766e-01,-5.599999999999987210e-01,-4.599999999999959677e-01,8.200000000000016165e-01,-1.000000000000000000e+00,-5.099999999999977884e-01,-1.000000000000000000e+00,5.300000000000031353e-01,-1.000000000000000000e+00,-1.399999999999965716e-01,-2.199999999999984190e-01,4.600000000000030731e-01,-8.799999999999990052e-01,-1.000000000000000000e+00,-8.999999999999990230e-01,6.700000000000041478e-01,4.400000000000012790e-01,-2.899999999999958167e-01,1.800000000000028244e-01,-1.000000000000000000e+00,6.700000000000032596e-01,-9.199999999999990408e-01,3.900000000000056755e-01,7.200000000000033040e-01,-1.000000000000000000e+00,1.600000000000028066e-01,-8.699999999999981082e-01,-8.999999999999990230e-01,-1.599999999999957012e-01,1.900000000000010569e-01,6.200000000000023270e-01,-9.999999999999120703e-03,-5.299999999999986944e-01,-9.199999999999990408e-01,-1.000000000000000000e+00,-1.000000000000000000e+00,9.000000000000185629e-02,6.500000000000014655e-01,-1.000000000000000000e+00,5.700000000000022826e-01,-3.999999999999976907e-01,-8.899999999999990141e-01,4.000000000000021316e-01,-1.000000000000000000e+00,3.300000000000011813e-01,-1.000000000000000000e+00,7.800000000000015810e-01,5.800000000000058442e-01,-1.000000000000000000e+00,-1.000000000000000000e+00,-5.099999999999986766e-01,-1.000000000000000000e+00,-1.000000000000000000e+00,2.100000000000046274e-01,-2.199999999999975309e-01,-1.000000000000000000e+00,9.000000000000540901e-02,-3.399999999999985256e-01,-3.599999999999994316e-01,9.000000000000016875e-01,-4.999999999999977796e-01,-9.699999999999990852e-01,-4.199999999999994849e-01,-9.999999999999982236e-01,-1.000000000000000000e+00,-1.000000000000000000e+00,-2.499999999999975575e-01,-1.000000000000000000e+00,2.100000000000019629e-01,-9.299999999999990496e-01,-1.000000000000000000e+00,-9.999999999994679811e-03,-3.999999999999932498e-01,1.700000000000045919e-01,-5.399999999999978151e-01,-8.199999999999971756e-01,7.000000000000015099e-01,-5.999999999999827693e-02,-6.099999999999978773e-01,-8.899999999999990141e-01,4.500000000000039524e-01
-1.000000000000000000e+00,-1.199999999999965539e-01,1.700000000000028155e-01,-8.499999999999989786e-01,4.000000000000270006e-02,-1.499999999999974687e-01,-9.999999999998232525e-03,-1.000000000000000000e+00,-4.199999999999968203e-01,-1.000000000000000000e+00,5.300000000000031353e-01,-1.000000000000000000e+00,-1.199999999999956657e-01,-9.799999999999973177e-01,4.600000000000030731e-01,-8.799999999999990052e-01,-1.000000000000000000e+00,-1.000000000000000000e+00,9.900000000000044320e-01,-1.000000000000000000e+00,-2.899999999999984812e-01,1.800000000000028244e-01,-1.000000000000000000e+00,4.300000000000039346e-01,-9.199999999999990408e-01,8.100000000000060485e-01,7.900000000000015898e-01,-1.000000000000000000e+00,-1.000000000000000000e+00,-8.699999999999981082e-01,-8.999999999999990230e-01,-8.699999999999945555e-01,9.000000000000025757e-01,4.600000000000030731e-01,-6.799999999999988276e-01,-5.299999999999986944e-01,-1.000000000000000000e+00,-5.799999999999996270e-01,-1.000000000000000000e+00,-1.000000000000000000e+00,5.000000000000022204e-01,-7.799999999999971401e-01,9.600000000000026290e-01,9.500000000000035083e-01,-1.000000000000000000e+00,4.000000000000181188e-02,-1.000000000000000000e+00,3.300000000000011813e-01,-7.299999999999988720e-01,8.100000000000024958e-01,-6.599999999999979217e-01,-1.000000000000000000e+00,-1.000000000000000000e+00,-5.099999999999986766e-01,-4.999999999999977796e-01,-7.899999999999998135e-01,6.800000000000041567e-01,-6.699999999999979305e-01,-9.299999999999981615e-01,-6.999999999999961808e-01,-5.399999999999969269e-01,-1.000000000000000000e+00,9.000000000000016875e-01,-4.999999999999977796e-01,-1.000000000000000000e+00,-4.199999999999994849e-01,-7.499999999999988898e-01,-2.899999999999984812e-01,-1.000000000000000000e+00,6.000000000000360600e-02,3.700000000000029932e-01,4.600000000000021849e-01,-9.299999999999990496e-01,-1.000000000000000000e+00,-6.599999999999979217e-01,-1.099999999999929923e-01,1.700000000000045919e-01,-5.399999999999978151e-01,-2.999999999999976019e-01,2.800000000000038014e-01,8.000000000000033751e-01,-6.199999999999969980e-01,-1.000000000000000000e+00,4.500000000000039524e-01
-4.699999999999995293e-01,-5.799999999999969624e-01,-3.299999999999985167e-01,-8.499999999999989786e-01,-5.599999999999987210e-01,-1.999999999999975131e-01,-1.599999999999983658e-01,-1.000000000000000000e+00,-1.000000000000000000e+00,-3.999999999999825917e-02,5.300000000000031353e-01,-1.000000000000000000e+00,-7.199999999999961986e-01,-3.899999999999985700e-01,8.700000000000016609e-01,-1.000000000000000000e+00,-1.599999999999983658e-01,-2.799999999999984723e-01,8.300000000000034017e-01,-1.000000000000000000e+00,-2.899999999999958167e-01,1.200000000000045475e-01,-1.000000000000000000e+00,7.600000000000042277e-01,-1.000000000000000000e+00,5.200000000000049027e-01,1.900000000000019451e-01,-7.999999999999989342e-01,1.600000000000028066e-01,-1.000000000000000000e+00,5.900000000000023004e-01,-1.000000000000000000e+00,-4.999999999999986677e-01,-7.999999999999740652e-02,7.500000000000024425e-01,-1.599999999999974776e-01,-1.000000000000000000e+00,-5.799999999999996270e-01,-8.699999999999972200e-01,4.000000000000181188e-02,6.500000000000014655e-01,-7.699999999999989075e-01,6.800000000000032685e-01,5.800000000000022915e-01,-6.099999999999996536e-01,2.500000000000011102e-01,-1.000000000000000000e+00,1.000000000000018652e-01,-7.199999999999988631e-01,9.000000000000185629e-02,-6.599999999999979217e-01,-1.000000000000000000e+00,6.400000000000014566e-01,-5.099999999999986766e-01,-4.999999999999977796e-01,-7.899999999999989253e-01,-9.399999999999981704e-01,-6.699999999999979305e-01,-1.000000000000000000e+00,-6.999999999999961808e-01,-1.000000000000000000e+00,-1.000000000000000000e+00,-1.000000000000000000e+00,-2.899999999999958167e-01,-1.000000000000000000e+00,-4.199999999999994849e-01,-7.499999999999988898e-01,-2.899999999999984812e-01,1.900000000000028333e-01,-2.699999999999984635e-01,-5.199999999999986855e-01,3.200000000000020606e-01,-3.999999999999825917e-02,-1.000000000000000000e+00,-4.799999999999968736e-01,-5.499999999999987121e-01,2.300000000000055334e-01,-6.199999999999987743e-01,4.200000000000065903e-01,-1.299999999999983391e-01,-3.399999999999976374e-01,-2.899999999999967049e-01,-8.899999999999990141e-01,-8.599999999999972111e-01
-4.699999999999995293e-01,2.000000000000028422e-01,-1.599999999999974776e-01,-9.099999999999972555e-01,-1.999999999999735323e-02,-1.999999999999975131e-01,-1.599999999999983658e-01,-1.000000000000000000e+00,-5.099999999999977884e-01,-1.000000000000000000e+00,5.300000000000031353e-01,-8.799999999999990052e-01,-1.399999999999965716e-01,-2.199999999999984190e-01,4.600000000000030731e-01,-8.799999999999990052e-01,-1.000000000000000000e+00,-1.000000000000000000e+00,8.300000000000034017e-01,4.400000000000012790e-01,-1.000000000000000000e+00,1.800000000000028244e-01,-1.000000000000000000e+00,6.700000000000032596e-01,-9.199999999999990408e-01,3.900000000000056755e-01,-6.999999999999828582e-02,-1.000000000000000000e+00,1.600000000000028066e-01,-1.000000000000000000e+00,5.900000000000023004e-01,-1.599999999999957012e-01,1.900000000000010569e-01,4.600000000000030731e-01,8.100000000000024958e-01,-1.000000000000000000e+00,-5.399999999999987033e-01,-1.799999999999983835e-01,-8.499999999999989786e-01,4.000000000000181188e-02,6.500000000000014655e-01,-1.000000000000000000e+00,6.800000000000032685e-01,5.800000000000022915e-01,-1.000000000000000000e+00,2.500000000000011102e-01,-1.000000000000000000e+00,3.300000000000011813e-01,-5.599999999999987210e-01,7.800000000000015810e-01,-2.599999999999940137e-01,-1.000000000000000000e+00,-1.000000000000000000e+00,-5.099999999999986766e-01,-1.000000000000000000e+00,-1.000000000000000000e+00,6.800000000000041567e-01,-6.699999999999979305e-01,-1.000000000000000000e+00,-1.000000000000000000e+00,-3.399999999999985256e-01,-3.599999999999994316e-01,9.000000000000016875e-01,2.200000000000037481e-01,-1.000000000000000000e+00,-4.199999999999994849e-01,4.000000000000270006e-02,-1.000000000000000000e+00,-1.000000000000000000e+00,-2.499999999999975575e-01,-1.000000000000000000e+00,9.100000000000034728e-01,-3.999999999999825917e-02,-1.000000000000000000e+00,-9.999999999994679811e-03,-1.999999999999824141e-02,1.700000000000045919e-01,-5.299999999999969180e-01,-8.199999999999971756e-01,4.100000000000030287e-01,-5.999999999999827693e-02,-6.099999999999978773e-01,-8.899999999999990141e-01,4.500000000000039524e-01
-4.699999999999995293e-01,-6.999999999999473310e-02,-3.299999999999985167e-01,-8.499999999999989786e-01,-1.999999999999735323e-02,-5.799999999999987388e-01,-1.599999999999983658e-01,-1.000000000000000000e+00,-1.000000000000000000e+00,2.600000000000020073e-01,5.300000000000031353e-01,-1.000000000000000000e+00,-1.399999999999965716e-01,-9.799999999999973177e-01,8.700000000000016609e-01,-1.099999999999974332e-01,-1.000000000000000000e+00,-9.199999999999990408e-01,6.700000000000041478e-01,-1.000000000000000000e+00,-2.899999999999958167e-01,1.800000000000028244e-01,-1.000000000000000000e+00,6.700000000000032596e-01,-9.199999999999990408e-01,5.200000000000049027e-01,7.900000000000015898e-01,-1.000000000000000000e+00,6.600000000000032507e-01,-1.000000000000000000e+00,5.900000000000023004e-01,-1.599999999999957012e-01,1.900000000000010569e-01,4.600000000000030731e-01,5.700000000000022826e-01,-5.299999999999986944e-01,-1.000000000000000000e+00,-4.999999999999737987e-02,-1.000000000000000000e+00,4.000000000000181188e-02,6.500000000000014655e-01,-9.999999999999742428e-02,6.800000000000032685e-01,5.800000000000022915e-01,-6.099999999999996536e-01,2.500000000000011102e-01,-1.000000000000000000e+00,-5.599999999999987210e-01,-5.599999999999987210e-01,7.800000000000015810e-01,-6.599999999999979217e-01,-1.000000000000000000e+00,6.400000000000014566e-01,-3.999999999999737099e-02,-1.000000000000000000e+00,-1.000000000000000000e+00,6.800000000000041567e-01,-6.699999999999979305e-01,-1.000000000000000000e+00,-6.999999999999961808e-01,-8.599999999999980993e-01,-3.599999999999994316e-01,9.000000000000016875e-01,2.200000000000037481e-01,-1.000000000000000000e+00,-4.199999999999994849e-01,-7.499999999999988898e-01,-2.899999999999984812e-01,-7.399999999999979927e-01,-2.699999999999984635e-01,-1.000000000000000000e+00,3.200000000000020606e-01,-3.999999999999825917e-02,-1.000000000000000000e+00,-9.999999999994679811e-03,-5.499999999999987121e-01,1.700000000000045919e-01,-7.599999999999962341e-01,-8.199999999999971756e-01,4.100000000000030287e-01,-5.999999999999827693e-02,-6.099999999999978773e-01,-1.000000000000000000e+00,-8.599999999999972111e-01
-1.000000000000000000e+00,2.000000000000028422e-01,-3.299999999999985167e-01,-9.099999999999972555e-01,-5.599999999999987210e-01,-1.999999999999975131e-01,-1.000000000000000000e+00,-1.000000000000000000e+00,-5.099999999999977884e-01,2.600000000000020073e-01,5.300000000000031353e-01,-1.000000000000000000e+00,-1.399999999999965716e-01,-9.799999999999973177e-01,8.700000000000016609e-01,-8.799999999999990052e-01,-6.799999999999988276e-01,-9.199999999999990408e-01,4.300000000000021583e-01,4.400000000000012790e-01,-2.899999999999958167e-01,-7.999999999999651834e-02,-1.000000000000000000e+00,6.700000000000032596e-01,-8.499999999999980904e-01,3.900000000000056755e-01,7.900000000000015898e-01,-1.000000000000000000e+00,1.600000000000028066e-01,-1.000000000000000000e+00,8.000000000000095923e-02,-1.000000000000000000e+00,2.100000000000019629e-01,6.200000000000023270e-01,-9.999999999999120703e-03,-5.299999999999986944e-01,-1.000000000000000000e+00,-1.000000000000000000e+00,-1.000000000000000000e+00,-1.000000000000000000e+00,6.500000000000014655e-01,-7.699999999999989075e-01,5.700000000000022826e-01,-9.699999999999973088e-01,-6.099999999999996536e-01,2.500000000000011102e-01,-3.699999999999985523e-01,7.700000000000024603e-01,-7.199999999999988631e-01,7.800000000000015810e-01,-1.000000000000000000e+00,-1.000000000000000000e+00,8.800000000000025580e-01,-5.099999999999986766e-01,-1.000000000000000000e+00,-1.000000000000000000e+00,-1.999999999999824141e-02,-2.199999999999975309e-01,-6.699999999999979305e-01,-6.999999999999961808e-01,-8.399999999999971934e-01,-3.599999999999994316e-01,9.000000000000016875e-01,-4.999999999999977796e-01,-1.000000000000000000e+00,-4.199999999999994849e-01,7.000000000000095035e-02,-2.899999999999984812e-01,-1.000000000000000000e+00,-2.699999999999984635e-01,-1.000000000000000000e+00,4.600000000000021849e-01,-2.299999999999984279e-01,-9.299999999999981615e-01,-9.999999999994679811e-03,-4.999999999999382716e-02,1.700000000000045919e-01,-1.000000000000000000e+00,-2.999999999999976019e-01,7.000000000000015099e-01,-7.099999999999979661e-01,-6.099999999999978773e-01,-1.000000000000000000e+00,-8.599999999999972111e-01
-4.699999999999995293e-01,-6.199999999999961098e-01,-3.299999999999985167e-01,-5.499999999999978240e-01,-5.599999999999987210e-01,-4.299999999999968292e-01,-1.000000000000000000e+00,-1.000000000000000000e+00,4.440892098500626162e-15,-3.999999999999825917e-02,5.300000000000031353e-01,-1.099999999999974332e-01,-7.199999999999961986e-01,2.000000000000268230e-02,-7.999999999999829470e-02,-8.799999999999990052e-01,-9.699999999999981970e-01,-1.000000000000000000e+00,-4.999999999999977796e-01,4.400000000000012790e-01,2.664535259100375697e-15,1.800000000000028244e-01,-8.699999999999989964e-01,6.700000000000032596e-01,2.664535259100375697e-15,3.900000000000056755e-01,-6.999999999999828582e-02,-1.000000000000000000e+00,1.600000000000028066e-01,-8.699999999999981082e-01,9.100000000000034728e-01,-1.000000000000000000e+00,1.900000000000010569e-01,4.600000000000030731e-01,7.500000000000024425e-01,-1.599999999999974776e-01,-1.000000000000000000e+00,-5.799999999999996270e-01,-8.899999999999990141e-01,4.000000000000181188e-02,6.500000000000014655e-01,-7.699999999999989075e-01,7.500000000000033307e-01,5.800000000000022915e-01,-6.099999999999996536e-01,-1.000000000000000000e+00,-9.199999999999981526e-01,3.300000000000011813e-01,-5.599999999999987210e-01,9.000000000000185629e-02,-1.000000000000000000e+00,-1.000000000000000000e+00,8.800000000000025580e-01,-5.099999999999986766e-01,-4.999999999999977796e-01,-7.899999999999989253e-01,-9.699999999999990852e-01,-2.199999999999975309e-01,-7.699999999999989075e-01,-1.299999999999947864e-01,-1.000000000000000000e+00,-3.599999999999994316e-01,9.000000000000016875e-01,-4.999999999999977796e-01,-5.299999999999986944e-01,-4.199999999999994849e-01,7.000000000000095035e-02,-2.899999999999984812e-01,-2.999999999999984901e-01,-2.699999999999984635e-01,-5.199999999999986855e-01,3.200000000000020606e-01,-1.000000000000000000e+00,-1.000000000000000000e+00,-6.599999999999979217e-01,-5.499999999999987121e-01,-6.499999999999943601e-01,-1.000000000000000000e+00,5.329070518200751394e-15,-1.299999999999983391e-01,-3.399999999999976374e-01,-6.099999999999978773e-01,-1.000000000000000000e+00,-8.599999999999972111e-01
-4.699999999999995293e-01,-1.199999999999965539e-01,-3.299999999999985167e-01,-6.499999999999979128e-01,-5.599999999999987210e-01,-1.999999999999975131e-01,2.300000000000019806e-01,-1.000000000000000000e+00,-4.199999999999968203e-01,7.800000000000024691e-01,5.500000000000040412e-01,-2.999999999999825029e-02,-1.699999999999965983e-01,-2.199999999999984190e-01,4.600000000000030731e-01,-8.799999999999990052e-01,-1.000000000000000000e+00,-1.000000000000000000e+00,9.900000000000044320e-01,-6.599999999999961453e-01,-2.899999999999958167e-01,1.800000000000028244e-01,-8.699999999999989964e-01,6.700000000000032596e-01,-9.999999999999742428e-02,8.100000000000060485e-01,7.900000000000015898e-01,-1.000000000000000000e+00,1.600000000000028066e-01,-9.499999999999990674e-01,-8.999999999999990230e-01,-1.599999999999957012e-01,1.900000000000010569e-01,6.200000000000023270e-01,5.700000000000022826e-01,3.300000000000029576e-01,-1.000000000000000000e+00,-1.000000000000000000e+00,-1.000000000000000000e+00,-8.699999999999989964e-01,3.100000000000020517e-01,-7.699999999999989075e-01,9.600000000000026290e-01,5.800000000000022915e-01,-1.000000000000000000e+00,-3.199999999999985079e-01,2.600000000000028955e-01,3.300000000000011813e-01,-1.000000000000000000e+00,8.100000000000024958e-01,-6.599999999999979217e-01,-1.000000000000000000e+00,-1.000000000000000000e+00,-5.099999999999986766e-01,-4.999999999999977796e-01,-1.000000000000000000e+00,6.800000000000041567e-01,-6.699999999999979305e-01,-1.000000000000000000e+00,-6.999999999999961808e-01,-3.399999999999985256e-01,1.776356839400250465e-15,-1.000000000000000000e+00,-4.999999999999977796e-01,-1.000000000000000000e+00,-4.199999999999994849e-01,-7.499999999999988898e-01,-2.899999999999984812e-01,-1.000000000000000000e+00,6.000000000000360600e-02,-6.599999999999996980e-01,4.600000000000021849e-01,-1.000000000000000000e+00,-1.000000000000000000e+00,-6.599999999999979217e-01,-5.499999999999987121e-01,4.100000000000021405e-01,-5.399999999999978151e-01,-2.999999999999976019e-01,7.000000000000015099e-01,3.800000000000030020e-01,-6.099999999999978773e-01,-8.899999999999990141e-01,-8.599999999999972111e-01
-4.699999999999995293e-01,2.000000000000028422e-01,-1.000000000000000000e+00,-9.099999999999972555e-01,-7.099999999999979661e-01,-1.499999999999974687e-01,-9.999999999998232525e-03,-1.000000000000000000e+00,-5.099999999999977884e-01,3.900000000000021227e-01,5.300000000000031353e-01,-7.399999999999988809e-01,-1.399999999999965716e-01,-4.999999999999560352e-02,4.600000000000030731e-01,-8.799999999999990052e-01,-1.000000000000000000e+00,-3.699999999999985523e-01,8.200000000000033928e-01,2.500000000000037748e-01,2.664535259100375697e-15,1.800000000000028244e-01,-1.000000000000000000e+00,6.700000000000032596e-01,-9.199999999999990408e-01,1.900000000000063860e-01,-6.999999999999828582e-02,-1.000000000000000000e+00,1.600000000000028066e-01,-8.699999999999981082e-01,5.900000000000023004e-01,5.000000000000537348e-02,-8.999999999999830358e-02,6.200000000000023270e-01,8.100000000000024958e-01,-5.299999999999986944e-01,-1.000000000000000000e+00,-1.000000000000000000e+00,-8.499999999999989786e-01,-1.000000000000000000e+00,6.500000000000014655e-01,-2.599999999999975664e-01,9.600000000000026290e-01,5.800000000000022915e-01,-1.000000000000000000e+00,2.500000000000011102e-01,-1.000000000000000000e+00,3.300000000000011813e-01,-1.000000000000000000e+00,7.800000000000015810e-01,5.800000000000058442e-01,-9.099999999999990319e-01,8.800000000000025580e-01,-5.099999999999986766e-01,-4.999999999999977796e-01,-1.000000000000000000e+00,6.800000000000041567e-01,-2.199999999999975309e-01,-9.299999999999981615e-01,-3.799999999999950084e-01,-8.599999999999980993e-01,-3.599999999999994316e-01,9.000000000000016875e-01,-4.999999999999977796e-01,-1.000000000000000000e+00,-4.199999999999994849e-01,7.000000000000095035e-02,-1.000000000000000000e+00,-1.000000000000000000e+00,-2.499999999999975575e-01,-3.199999999999985079e-01,6.000000000000094147e-02,-9.299999999999990496e-01,-1.000000000000000000e+00,-6.599999999999979217e-01,-1.000000000000000000e+00,1.700000000000045919e-01,-5.399999999999978151e-01,-3.499999999999958700e-01,7.000000000000015099e-01,-5.999999999999827693e-02,-6.099999999999978773e-01,-1.000000000000000000e+00,4.500000000000039524e-01
-4.699999999999995293e-01,-5.799999999999969624e-01,-3.299999999999985167e-01,-8.499999999999989786e-01,-5.599999999999987210e-01,-1.999999999999975131e-01,8.200000000000016165e-01,-1.000000000000000000e+00,-1.000000000000000000e+00,-1.000000000000000000e+00,5.300000000000031353e-01,-1.000000000000000000e+00,-1.399999999999965716e-01,-1.000000000000000000e+00,8.700000000000016609e-01,-8.299999999999989608e-01,-1.599999999999983658e-01,-1.000000000000000000e+00,8.200000000000033928e-01,4.400000000000012790e-01,-2.899999999999958167e-01,1.800000000000028244e-01,-1.000000000000000000e+00,6.700000000000032596e-01,-1.000000000000000000e+00,3.900000000000056755e-01,1.900000000000019451e-01,-1.000000000000000000e+00,1.600000000000028066e-01,-1.000000000000000000e+00,5.900000000000023004e-01,-1.000000000000000000e+00,9.000000000000025757e-01,6.200000000000023270e-01,-9.999999999999120703e-03,-5.299999999999986944e-01,-1.000000000000000000e+00,-1.000000000000000000e+00,-8.699999999999972200e-01,9.000000000000185629e-02,6.500000000000014655e-01,-1.000000000000000000e+00,6.800000000000032685e-01,5.800000000000022915e-01,-1.000000000000000000e+00,2.500000000000011102e-01,-1.000000000000000000e+00,3.300000000000011813e-01,-1.000000000000000000e+00,7.800000000000015810e-01,5.800000000000067324e-01,-1.000000000000000000e+00,6.400000000000014566e-01,-5.099999999999986766e-01,-1.000000000000000000e+00,-7.899999999999989253e-01,7.000000000000050626e-01,-6.699999999999979305e-01,-9.299999999999981615e-01,-3.799999999999950084e-01,-1.000000000000000000e+00,-1.000000000000000000e+00,9.000000000000016875e-01,-4.999999999999977796e-01,-1.000000000000000000e+00,-4.199999999999994849e-01,7.000000000000095035e-02,-2.899999999999984812e-01,-2.999999999999984901e-01,9.000000000000363265e-02,-1.000000000000000000e+00,3.200000000000020606e-01,-3.999999999999825917e-02,-1.000000000000000000e+00,-6.599999999999979217e-01,-1.999999999999824141e-02,2.300000000000055334e-01,-3.199999999999967315e-01,-8.199999999999971756e-01,6.000000000000023093e-01,-5.999999999999827693e-02,-6.099999999999978773e-01,-8.899999999999990141e-01,4.500000000000039524e-01
-1.000000000000000000e+00,2.000000000000028422e-01,-3.299999999999985167e-01,-9.099999999999972555e-01,-5.599999999999987210e-01,-5.799999999999987388e-01,-1.000000000000000000e+00,-1.000000000000000000e+00,-5.099999999999977884e-01,6.400000000000014566e-01,5.300000000000031353e-01,-1.000000000000000000e+00,1.700000000000045919e-01,-9.799999999999973177e-01,8.700000000000016609e-01,-8.799999999999990052e-01,-1.000000000000000000e+00,-9.199999999999990408e-01,4.300000000000021583e-01,4.400000000000012790e-01,-2.899999999999958167e-01,1.800000000000028244e-01,-8.699999999999989964e-01,4.300000000000039346e-01,-8.499999999999980904e-01,3.900000000000056755e-01,-6.999999999999828582e-02,-1.000000000000000000e+00,-2.099999999999966338e-01,-1.000000000000000000e+00,-8.999999999999990230e-01,-6.699999999999952660e-01,1.900000000000010569e-01,6.200000000000023270e-01,-9.999999999999120703e-03,-5.299999999999986944e-01,-1.000000000000000000e+00,-1.000000000000000000e+00,-1.000000000000000000e+00,-1.000000000000000000e+00,6.500000000000014655e-01,-9.999999999999742428e-02,5.700000000000022826e-01,5.800000000000022915e-01,-6.099999999999996536e-01,4.000000000000021316e-01,-3.699999999999985523e-01,3.300000000000011813e-01,-7.199999999999988631e-01,7.800000000000015810e-01,7.200000000000033040e-01,-1.000000000000000000e+00,8.800000000000025580e-01,-5.099999999999986766e-01,-1.000000000000000000e+00,-7.899999999999989253e-01,6.800000000000041567e-01,-2.199999999999975309e-01,-1.000000000000000000e+00,-1.299999999999947864e-01,-8.599999999999980993e-01,-3.599999999999994316e-01,9.000000000000016875e-01,2.200000000000037481e-01,-9.699999999999990852e-01,-4.199999999999994849e-01,-9.999999999999982236e-01,2.400000000000037659e-01,-1.000000000000000000e+00,-2.699999999999984635e-01,-1.000000000000000000e+00,6.000000000000094147e-02,-1.000000000000000000e+00,-1.000000000000000000e+00,-9.999999999999653610e-02,-5.499999999999987121e-01,1.700000000000045919e-01,-5.399999999999978151e-01,-1.000000000000000000e+00,7.000000000000015099e-01,-7.099999999999979661e-01,-6.099999999999978773e-01,-1.000000000000000000e+00,-8.599999999999972111e-01
-1.000000000000000000e+00,2.000000000000028422e-01,-3.299999999999985167e-01,-5.499999999999978240e-01,-5.599999999999987210e-01,-5.799999999999987388e-01,8.200000000000016165e-01,-1.000000000000000000e+00,-5.099999999999977884e-01,6.400000000000014566e-01,-1.199999999999956657e-01,-1.099999999999974332e-01,-1.399999999999965716e-01,-1.000000000000000000e+00,8.700000000000016609e-01,-8.799999999999990052e-01,-9.699999999999981970e-01,-9.199999999999990408e-01,4.300000000000021583e-01,4.400000000000012790e-01,-2.899999999999958167e-01,1.800000000000028244e-01,-8.699999999999989964e-01,6.700000000000032596e-01,-8.499999999999980904e-01,5.200000000000049027e-01,-6.999999999999828582e-02,-1.000000000000000000e+00,1.600000000000028066e-01,-1.000000000000000000e+00,-8.999999999999990230e-01,-6.699999999999952660e-01,2.000000000000179412e-02,4.600000000000030731e-01,-9.999999999999120703e-03,-5.299999999999986944e-01,-1.000000000000000000e+00,-5.799999999999996270e-01,-8.899999999999990141e-01,5.500000000000022649e-01,6.500000000000014655e-01,-9.999999999999742428e-02,7.500000000000033307e-01,5.800000000000022915e-01,-6.099999999999996536e-01,-1.000000000000000000e+00,-3.699999999999985523e-01,3.300000000000011813e-01,-5.599999999999987210e-01,7.800000000000015810e-01,-1.000000000000000000e+00,-1.000000000000000000e+00,6.400000000000014566e-01,-5.099999999999986766e-01,-1.000000000000000000e+00,-7.899999999999989253e-01,6.800000000000041567e-01,-5.799999999999969624e-01,-1.000000000000000000e+00,9.000000000000540901e-02,-1.000000000000000000e+00,-3.599999999999994316e-01,9.000000000000016875e-01,-4.999999999999977796e-01,-5.299999999999986944e-01,-4.199999999999994849e-01,-9.999999999999982236e-01,4.700000000000030820e-01,-1.000000000000000000e+00,-2.699999999999984635e-01,-1.000000000000000000e+00,3.200000000000020606e-01,-2.299999999999984279e-01,-1.000000000000000000e+00,-6.599999999999979217e-01,-4.999999999999382716e-02,1.700000000000045919e-01,-5.399999999999978151e-01,-5.199999999999977973e-01,-1.799999999999966072e-01,-7.099999999999979661e-01,-6.099999999999978773e-01,-1.000000000000000000e+00,-8.599999999999972111e-01
-4.699999999999995293e-01,2.000000000000028422e-01,-1.599999999999974776e-01,-9.099999999999972555e-01,-5.599999999999978328e-01,-5.799999999999987388e-01,-1.000000000000000000e+00,-9.199999999999990408e-01,-5.099999999999977884e-01,-1.199999999999974420e-01,5.300000000000031353e-01,-1.000000000000000000e+00,-1.399999999999965716e-01,-2.199999999999984190e-01,8.700000000000016609e-01,-8.799999999999990052e-01,-1.000000000000000000e+00,-9.199999999999990408e-01,-1.000000000000000000e+00,4.400000000000012790e-01,-2.899999999999958167e-01,1.800000000000028244e-01,-8.699999999999989964e-01,6.700000000000032596e-01,-1.000000000000000000e+00,3.900000000000056755e-01,7.900000000000015898e-01,-1.000000000000000000e+00,2.000000000000037303e-01,-8.699999999999981082e-01,5.900000000000023004e-01,-1.599999999999957012e-01,9.000000000000025757e-01,6.200000000000023270e-01,-9.999999999999120703e-03,-5.299999999999986944e-01,-1.000000000000000000e+00,-1.000000000000000000e+00,-2.899999999999975930e-01,9.000000000000185629e-02,6.500000000000014655e-01,-1.000000000000000000e+00,5.700000000000022826e-01,5.800000000000022915e-01,-6.099999999999996536e-01,2.500000000000011102e-01,-3.699999999999985523e-01,3.300000000000011813e-01,-1.000000000000000000e+00,7.800000000000015810e-01,-1.000000000000000000e+00,-1.000000000000000000e+00,6.400000000000014566e-01,-5.099999999999986766e-01,-1.000000000000000000e+00,-1.000000000000000000e+00,6.800000000000041567e-01,-2.499999999999966693e-01,-9.299999999999981615e-01,9.000000000000540901e-02,-3.399999999999985256e-01,-3.599999999999994316e-01,9.000000000000016875e-01,-4.999999999999977796e-01,-1.000000000000000000e+00,-4.199999999999994849e-01,-9.999999999999982236e-01,4.700000000000030820e-01,-1.000000000000000000e+00,-2.699999999999984635e-01,-1.000000000000000000e+00,4.600000000000021849e-01,-6.099999999999978773e-01,-2.099999999999984102e-01,-6.599999999999979217e-01,-1.999999999999824141e-02,1.700000000000045919e-01,-5.399999999999978151e-01,-3.499999999999958700e-01,7.000000000000015099e-01,-5.999999999999827693e-02,-6.099999999999978773e-01,-8.899999999999990141e-01,-1.000000000000000000e+00
-4.699999999999995293e-01,-5.799999999999969624e-01,-3.299999999999985167e-01,-8.499999999999989786e-01,-5.599999999999987210e-01,-4.299999999999968292e-01,8.200000000000016165e-01,-1.000000000000000000e+00,4.440892098500626162e-15,-1.000000000000000000e+00,-1.000000000000000000e+00,-1.000000000000000000e+00,-1.399999999999965716e-01,2.000000000000268230e-02,8.700000000000016609e-01,-1.000000000000000000e+00,-1.599999999999983658e-01,-1.000000000000000000e+00,8.300000000000034017e-01,-1.000000000000000000e+00,-2.899999999999958167e-01,1.800000000000028244e-01,-1.000000000000000000e+00,6.700000000000032596e-01,-1.000000000000000000e+00,5.200000000000049027e-01,1.900000000000019451e-01,-1.000000000000000000e+00,1.600000000000028066e-01,-1.000000000000000000e+00,5.900000000000023004e-01,-1.000000000000000000e+00,1.900000000000010569e-01,-7.999999999999740652e-02,-9.999999999999120703e-03,-5.299999999999986944e-01,-1.000000000000000000e+00,-5.799999999999996270e-01,-8.699999999999972200e-01,4.000000000000181188e-02,6.500000000000014655e-01,-7.699999999999989075e-01,6.800000000000032685e-01,5.800000000000022915e-01,-1.000000000000000000e+00,2.500000000000011102e-01,-1.000000000000000000e+00,-6.299999999999978950e-01,-1.000000000000000000e+00,7.800000000000015810e-01,-6.599999999999979217e-01,-1.000000000000000000e+00,6.400000000000014566e-01,-5.099999999999986766e-01,-4.999999999999977796e-01,-1.000000000000000000e+00,-9.699999999999990852e-01,-2.199999999999975309e-01,-5.999999999999987566e-01,-1.299999999999947864e-01,-3.699999999999985523e-01,-5.499999999999987121e-01,9.000000000000016875e-01,-4.999999999999977796e-01,-1.000000000000000000e+00,-4.199999999999994849e-01,-1.399999999999974598e-01,-2.899999999999984812e-01,-2.999999999999984901e-01,-2.699999999999984635e-01,-5.199999999999986855e-01,8.200000000000033928e-01,-3.999999999999825917e-02,-1.000000000000000000e+00,-3.399999999999958611e-01,-5.499999999999987121e-01,2.300000000000055334e-01,-3.199999999999967315e-01,5.329070518200751394e-15,-1.299999999999983391e-01,-3.399999999999976374e-01,-6.099999999999978773e-01,-8.899999999999990141e-01,-8.599999999999972111e-01
-4.699999999999995293e-01,-5.799999999999969624e-01,-3.299999999999985167e-01,-9.199999999999990408e-01,4.000000000000270006e-02,-4.299999999999968292e-01,-9.999999999998232525e-03,-1.000000000000000000e+00,-5.099999999999977884e-01,-3.999999999999825917e-02,1.600000000000036948e-01,-7.399999999999988809e-01,-1.199999999999956657e-01,2.000000000000268230e-02,8.700000000000016609e-01,-1.000000000000000000e+00,-1.599999999999983658e-01,-1.000000000000000000e+00,8.300000000000034017e-01,-1.000000000000000000e+00,2.664535259100375697e-15,1.200000000000045475e-01,-1.000000000000000000e+00,6.700000000000032596e-01,4.000000000000358824e-02,8.100000000000060485e-01,1.900000000000019451e-01,-1.000000000000000000e+00,1.600000000000028066e-01,-8.699999999999981082e-01,8.000000000000095923e-02,-2.999999999999940492e-01,1.900000000000010569e-01,4.600000000000030731e-01,9.300000000000034905e-01,2.400000000000028777e-01,-1.000000000000000000e+00,-5.799999999999996270e-01,-8.699999999999972200e-01,4.000000000000181188e-02,6.500000000000014655e-01,-7.699999999999989075e-01,7.800000000000033573e-01,9.500000000000035083e-01,3.300000000000020695e-01,2.500000000000011102e-01,-1.000000000000000000e+00,3.300000000000011813e-01,-1.000000000000000000e+00,9.000000000000185629e-02,-6.599999999999979217e-01,-2.799999999999984723e-01,6.400000000000014566e-01,-5.099999999999986766e-01,1.800000000000037126e-01,-1.000000000000000000e+00,6.800000000000041567e-01,-2.199999999999975309e-01,-5.799999999999987388e-01,-1.299999999999947864e-01,-1.000000000000000000e+00,-3.599999999999994316e-01,9.000000000000016875e-01,-4.999999999999977796e-01,-1.000000000000000000e+00,-4.199999999999994849e-01,-7.499999999999988898e-01,-2.899999999999984812e-01,-2.999999999999984901e-01,-2.699999999999984635e-01,-3.199999999999985079e-01,3.200000000000020606e-01,-4.899999999999986589e-01,-1.000000000000000000e+00,-6.599999999999979217e-01,-1.000000000000000000e+00,3.900000000000056755e-01,-6.199999999999987743e-01,5.329070518200751394e-15,7.000000000000015099e-01,-6.099999999999969891e-01,-6.199999999999969980e-01,-8.899999999999990141e-01,-8.599999999999972111e-01
-4.699999999999995293e-01,2.000000000000028422e-01,-3.299999999999985167e-01,-8.499999999999989786e-01,-5.599999999999987210e-01,-4.299999999999968292e-01,8.200000000000016165e-01,-1.000000000000000000e+00,2.200000000000037481e-01,-3.999999999999825917e-02,5.300000000000031353e-01,-1.000000000000000000e+00,-1.399999999999965716e-01,-1.000000000000000000e+00,8.700000000000016609e-01,-1.599999999999974776e-01,-1.000000000000000000e+00,-1.000000000000000000e+00,8.300000000000034017e-01,-1.000000000000000000e+00,-2.899999999999958167e-01,1.800000000000028244e-01,-8.699999999999989964e-01,4.300000000000039346e-01,-4.499999999999986233e-01,5.200000000000049027e-01,1.900000000000019451e-01,-1.000000000000000000e+00,1.600000000000028066e-01,-8.699999999999981082e-01,9.100000000000034728e-01,-1.000000000000000000e+00,1.900000000000010569e-01,-7.999999999999740652e-02,7.500000000000024425e-01,-1.599999999999974776e-01,-1.000000000000000000e+00,-5.799999999999996270e-01,-1.000000000000000000e+00,4.000000000000181188e-02,9.000000000000185629e-02,-7.699999999999989075e-01,6.800000000000032685e-01,5.800000000000022915e-01,-1.000000000000000000e+00,-3.199999999999985079e-01,2.600000000000028955e-01,3.300000000000011813e-01,-5.599999999999987210e-01,9.000000000000185629e-02,2.100000000000037392e-01,-1.000000000000000000e+00,8.800000000000025580e-01,-5.099999999999986766e-01,-4.999999999999977796e-01,-1.000000000000000000e+00,6.800000000000041567e-01,-2.199999999999975309e-01,-1.000000000000000000e+00,-1.299999999999947864e-01,-1.000000000000000000e+00,-5.499999999999987121e-01,9.800000000000026468e-01,-4.999999999999977796e-01,-9.799999999999990941e-01,-4.199999999999994849e-01,-1.699999999999974865e-01,-1.000000000000000000e+00,-2.999999999999984901e-01,4.500000000000030642e-01,-6.599999999999996980e-01,6.000000000000094147e-02,-1.000000000000000000e+00,-1.000000000000000000e+00,-6.599999999999979217e-01,-5.499999999999987121e-01,1.700000000000045919e-01,-1.000000000000000000e+00,5.329070518200751394e-15,7.000000000000015099e-01,3.800000000000030020e-01,-9.899999999999973266e-01,-1.000000000000000000e+00,-8.599999999999972111e-01
-4.699999999999995293e-01,-5.799999999999969624e-01,-3.299999999999985167e-01,-8.499999999999989786e-01,-5.599999999999987210e-01,-4.299999999999968292e-01,-1.599999999999983658e-01,-3.399999999999985256e-01,5.400000000000058087e-01,-5.399999999999987033e-01,5.300000000000031353e-01,-1.000000000000000000e+00,-7.199999999999961986e-01,2.000000000000268230e-02,8.700000000000016609e-01,-5.999999999999987566e-01,-1.000000000000000000e+00,-1.000000000000000000e+00,8.300000000000034017e-01,-1.000000000000000000e+00,-1.000000000000000000e+00,1.800000000000028244e-01,-1.000000000000000000e+00,6.700000000000032596e-01,-2.599999999999975664e-01,3.900000000000056755e-01,5.200000000000031264e-01,-1.000000000000000000e+00,6.900000000000023892e-01,-1.000000000000000000e+00,5.900000000000023004e-01,-1.599999999999957012e-01,1.900000000000010569e-01,-1.999999999999966249e-01,5.700000000000022826e-01,-7.999999999999740652e-02,-1.000000000000000000e+00,-1.799999999999983835e-01,-8.199999999999962874e-01,4.000000000000181188e-02,6.500000000000014655e-01,-7.699999999999989075e-01,6.800000000000032685e-01,5.800000000000022915e-01,-1.000000000000000000e+00,2.500000000000011102e-01,-1.000000000000000000e+00,3.300000000000011813e-01,-5.599999999999987210e-01,9.000000000000185629e-02,-6.599999999999979217e-01,-2.799999999999984723e-01,6.400000000000014566e-01,-5.099999999999986766e-01,-4.999999999999977796e-01,-7.899999999999989253e-01,-9.699999999999990852e-01,-2.199999999999975309e-01,-1.000000000000000000e+00,-1.299999999999947864e-01,-8.599999999999980993e-01,1.776356839400250465e-15,9.000000000000016875e-01,-4.999999999999977796e-01,-9.799999999999990941e-01,-4.199999999999994849e-01,-7.499999999999988898e-01,-2.899999999999984812e-01,-4.299999999999977174e-01,-2.699999999999984635e-01,-5.199999999999986855e-01,3.200000000000020606e-01,-3.999999999999825917e-02,-1.000000000000000000e+00,-6.599999999999979217e-01,-5.499999999999987121e-01,1.700000000000045919e-01,-7.599999999999962341e-01,-8.199999999999971756e-01,4.100000000000030287e-01,-3.399999999999976374e-01,-6.099999999999978773e-01,-1.499999999999974687e-01,-8.599999999999972111e-01
-4.699999999999995293e-01,2.000000000000028422e-01,-1.000000000000000000e+00,-8.499999999999989786e-01,-5.599999999999987210e-01,-4.299999999999968292e-01,8.200000000000016165e-01,-3.399999999999985256e-01,-5.499999999999951594e-01,-3.999999999999825917e-02,5.300000000000031353e-01,-7.399999999999988809e-01,-1.199999999999956657e-01,2.000000000000268230e-02,8.700000000000016609e-01,-8.799999999999990052e-01,-1.599999999999983658e-01,-3.699999999999985523e-01,9.900000000000044320e-01,2.500000000000037748e-01,2.664535259100375697e-15,1.800000000000028244e-01,-1.000000000000000000e+00,6.700000000000032596e-01,-8.499999999999980904e-01,3.900000000000056755e-01,7.900000000000015898e-01,-1.000000000000000000e+00,1.600000000000028066e-01,-8.699999999999981082e-01,8.000000000000095923e-02,-1.000000000000000000e+00,1.900000000000010569e-01,4.600000000000030731e-01,7.500000000000024425e-01,-1.599999999999974776e-01,-1.000000000000000000e+00,-5.799999999999996270e-01,-8.699999999999972200e-01,-1.000000000000000000e+00,6.500000000000014655e-01,-7.699999999999989075e-01,6.800000000000032685e-01,5.800000000000022915e-01,-1.000000000000000000e+00,2.500000000000011102e-01,-1.000000000000000000e+00,3.300000000000011813e-01,-7.199999999999988631e-01,9.000000000000185629e-02,-6.599999999999979217e-01,-9.999999999999742428e-02,6.400000000000014566e-01,-5.099999999999986766e-01,-4.999999999999977796e-01,-1.000000000000000000e+00,-1.000000000000000000e+00,-2.199999999999975309e-01,-5.799999999999987388e-01,-1.299999999999947864e-01,-8.599999999999980993e-01,-3.599999999999994316e-01,9.000000000000016875e-01,-4.999999999999977796e-01,-9.799999999999990941e-01,-5.999999999999987566e-01,-3.299999999999976286e-01,-2.899999999999984812e-01,-9.499999999999981792e-01,-2.699999999999984635e-01,-3.199999999999985079e-01,6.000000000000094147e-02,-4.899999999999986589e-01,-1.000000000000000000e+00,-6.599999999999979217e-01,-1.000000000000000000e+00,2.300000000000055334e-01,-5.399999999999978151e-01,5.329070518200751394e-15,-1.299999999999983391e-01,-3.399999999999976374e-01,-6.099999999999978773e-01,-1.000000000000000000e+00,-1.599999999999965894e-01
-1.000000000000000000e+00,2.000000000000028422e-01,-1.000000000000000000e+00,-9.199999999999990408e-01,4.000000000000270006e-02,-1.999999999999975131e-01,8.200000000000016165e-01,-1.000000000000000000e+00,-5.099999999999977884e-01,3.900000000000021227e-01,5.300000000000031353e-01,3.100000000000038280e-01,-1.199999999999956657e-01,-1.000000000000000000e+00,-7.999999999999829470e-02,-8.799999999999990052e-01,-1.000000000000000000e+00,-1.000000000000000000e+00,4.300000000000021583e-01,4.400000000000012790e-01,2.664535259100375697e-15,1.800000000000028244e-01,-1.000000000000000000e+00,6.700000000000032596e-01,-8.499999999999980904e-01,5.200000000000049027e-01,7.900000000000015898e-01,-1.000000000000000000e+00,1.600000000000028066e-01,-8.699999999999981082e-01,8.000000000000095923e-02,5.000000000000537348e-02,1.900000000000010569e-01,4.600000000000030731e-01,1.800000000000028244e-01,-5.299999999999986944e-01,-1.000000000000000000e+00,-5.799999999999996270e-01,-8.899999999999990141e-01,5.500000000000022649e-01,5.000000000000270894e-02,-7.699999999999989075e-01,5.700000000000022826e-01,5.800000000000022915e-01,-1.000000000000000000e+00,2.500000000000011102e-01,-3.699999999999985523e-01,3.300000000000011813e-01,-7.299999999999988720e-01,7.800000000000015810e-01,-3.099999999999967226e-01,-7.599999999999971223e-01,8.800000000000025580e-01,-5.099999999999986766e-01,-4.999999999999977796e-01,-7.899999999999989253e-01,-1.000000000000000000e+00,-2.199999999999975309e-01,-7.699999999999989075e-01,-1.299999999999947864e-01,-1.000000000000000000e+00,-3.599999999999994316e-01,-1.000000000000000000e+00,-4.999999999999977796e-01,-1.000000000000000000e+00,-4.199999999999994849e-01,7.000000000000095035e-02,-2.899999999999984812e-01,-1.000000000000000000e+00,-2.699999999999984635e-01,-2.999999999999825029e-02,6.000000000000094147e-02,-1.000000000000000000e+00,-1.000000000000000000e+00,-6.599999999999979217e-01,1.900000000000028333e-01,1.700000000000045919e-01,-5.399999999999978151e-01,-6.899999999999970601e-01,7.000000000000015099e-01,-5.999999999999827693e-02,-6.199999999999969980e-01,-1.000000000000000000e+00,-8.599999999999972111e-01
-4.699999999999995293e-01,-5.799999999999969624e-01,1.700000000000028155e-01,-8.499999999999989786e-01,-5.599999999999987210e-01,-1.999999999999975131e-01,-1.599999999999983658e-01,-1.000000000000000000e+00,-4.199999999999968203e-01,-8.399999999999989697e-01,5.300000000000031353e-01,-1.000000000000000000e+00,-1.699999999999965983e-01,-1.000000000000000000e+00,8.700000000000016609e-01,-8.799999999999990052e-01,-1.599999999999983658e-01,-1.000000000000000000e+00,8.300000000000034017e-01,-1.000000000000000000e+00,-2.899999999999984812e-01,1.800000000000028244e-01,-1.000000000000000000e+00,6.700000000000032596e-01,-1.000000000000000000e+00,8.100000000000060485e-01,1.900000000000019451e-01,-1.000000000000000000e+00,6.900000000000023892e-01,-8.699999999999981082e-01,5.900000000000023004e-01,-1.599999999999957012e-01,9.000000000000025757e-01,6.200000000000023270e-01,-6.799999999999988276e-01,-5.299999999999986944e-01,-1.000000000000000000e+00,-1.000000000000000000e+00,-1.000000000000000000e+00,4.000000000000181188e-02,6.500000000000014655e-01,-7.699999999999989075e-01,9.600000000000026290e-01,5.800000000000022915e-01,-1.000000000000000000e+00,4.000000000000181188e-02,-1.000000000000000000e+00,1.000000000000018652e-01,-1.000000000000000000e+00,7.800000000000015810e-01,-6.599999999999979217e-01,-1.000000000000000000e+00,-1.000000000000000000e+00,-5.099999999999986766e-01,-4.999999999999977796e-01,-7.899999999999998135e-01,6.800000000000041567e-01,-6.699999999999979305e-01,-1.000000000000000000e+00,-6.999999999999961808e-01,-3.399999999999985256e-01,-1.000000000000000000e+00,7.000000000000023981e-01,2.200000000000037481e-01,-1.000000000000000000e+00,-4.199999999999994849e-01,-7.499999999999988898e-01,-2.899999999999984812e-01,-9.999999999997344347e-03,6.000000000000360600e-02,-5.199999999999986855e-01,3.200000000000020606e-01,-1.000000000000000000e+00,-1.000000000000000000e+00,-1.000000000000000000e+00,-1.099999999999929923e-01,4.100000000000021405e-01,-3.199999999999967315e-01,-2.999999999999976019e-01,3.900000000000030109e-01,-5.999999999999827693e-02,-6.099999999999978773e-01,-8.899999999999990141e-01,-8.599999999999972111e-01
-7.399999999999988809e-01,2.000000000000028422e-01,-3.299999999999985167e-01,-8.499999999999989786e-01,3.300000000000029576e-01,-1.999999999999975131e-01,8.200000000000016165e-01,-1.000000000000000000e+00,2.200000000000037481e-01,6.400000000000014566e-01,-1.000000000000000000e+00,-1.000000000000000000e+00,-1.199999999999956657e-01,-1.000000000000000000e+00,8.700000000000016609e-01,-8.799999999999990052e-01,-1.000000000000000000e+00,-1.000000000000000000e+00,4.300000000000021583e-01,4.400000000000012790e-01,2.664535259100375697e-15,1.800000000000028244e-01,-8.699999999999989964e-01,4.300000000000039346e-01,-9.199999999999990408e-01,5.200000000000049027e-01,-6.999999999999828582e-02,-1.000000000000000000e+00,1.600000000000028066e-01,-1.000000000000000000e+00,8.000000000000095923e-02,-1.599999999999957012e-01,1.900000000000010569e-01,6.200000000000023270e-01,-9.999999999999120703e-03,-5.299999999999986944e-01,-1.000000000000000000e+00,-5.799999999999996270e-01,-1.000000000000000000e+00,-1.000000000000000000e+00,9.000000000000185629e-02,-7.699999999999989075e-01,5.700000000000022826e-01,5.800000000000022915e-01,-1.000000000000000000e+00,2.500000000000011102e-01,-1.000000000000000000e+00,7.700000000000024603e-01,-8.699999999999981082e-01,7.800000000000015810e-01,7.200000000000033040e-01,-1.000000000000000000e+00,8.800000000000025580e-01,-5.099999999999986766e-01,3.500000000000038636e-01,-7.899999999999989253e-01,6.800000000000041567e-01,-2.199999999999975309e-01,-1.000000000000000000e+00,-1.299999999999947864e-01,-8.599999999999980993e-01,-3.599999999999994316e-01,9.000000000000016875e-01,-4.999999999999977796e-01,-1.000000000000000000e+00,-4.199999999999994849e-01,6.300000000000023359e-01,4.700000000000030820e-01,-1.000000000000000000e+00,-2.699999999999984635e-01,-3.199999999999985079e-01,6.000000000000094147e-02,-1.000000000000000000e+00,-1.000000000000000000e+00,-6.599999999999979217e-01,-5.499999999999987121e-01,1.700000000000045919e-01,-1.000000000000000000e+00,-8.199999999999971756e-01,7.000000000000015099e-01,-5.999999999999827693e-02,-6.099999999999978773e-01,-3.899999999999985700e-01,-8.599999999999972111e-01
-4.699999999999995293e-01,2.000000000000028422e-01,-3.299999999999985167e-01,-8.499999999999989786e-01,-5.599999999999987210e-01,-5.799999999999987388e-01,-1.000000000000000000e+00,-1.000000000000000000e+00,-5.099999999999977884e-01,2.600000000000020073e-01,5.300000000000031353e-01,-1.000000000000000000e+00,-1.399999999999965716e-01,-1.000000000000000000e+00,8.700000000000016609e-01,-8.799999999999990052e-01,-1.000000000000000000e+00,-9.199999999999990408e-01,6.700000000000041478e-01,-1.000000000000000000e+00,-2.899999999999958167e-01,1.800000000000028244e-01,-1.000000000000000000e+00,6.700000000000032596e-01,-9.199999999999990408e-01,3.900000000000056755e-01,7.900000000000015898e-01,-1.000000000000000000e+00,1.600000000000028066e-01,-1.000000000000000000e+00,5.900000000000023004e-01,-1.599999999999957012e-01,1.900000000000010569e-01,6.200000000000023270e-01,5.700000000000022826e-01,-1.000000000000000000e+00,-1.000000000000000000e+00,-1.000000000000000000e+00,-8.699999999999972200e-01,-1.000000000000000000e+00,6.500000000000014655e-01,-7.699999999999989075e-01,6.800000000000032685e-01,5.800000000000022915e-01,-1.000000000000000000e+00,4.000000000000021316e-01,-1.000000000000000000e+00,-5.599999999999987210e-01,-5.599999999999987210e-01,7.800000000000015810e-01,-6.599999999999979217e-01,-1.000000000000000000e+00,6.400000000000014566e-01,-5.099999999999986766e-01,-4.999999999999977796e-01,-7.899999999999989253e-01,6.800000000000041567e-01,-6.699999999999979305e-01,-1.000000000000000000e+00,-6.999999999999961808e-01,-8.599999999999980993e-01,1.776356839400250465e-15,9.000000000000016875e-01,2.200000000000037481e-01,-9.699999999999990852e-01,-4.199999999999994849e-01,-7.499999999999988898e-01,-2.899999999999984812e-01,-9.999999999999991118e-01,-2.699999999999984635e-01,-1.000000000000000000e+00,4.600000000000021849e-01,-3.999999999999825917e-02,-1.000000000000000000e+00,7.000000000000068390e-01,-5.499999999999987121e-01,1.700000000000045919e-01,-8.299999999999971845e-01,-8.199999999999971756e-01,4.100000000000030287e-01,-5.999999999999827693e-02,-6.099999999999978773e-01,-8.899999999999990141e-01,-8.599999999999972111e-01
-4.699999999999995293e-01,1.300000000000045564e-01,-3.299999999999985167e-01,-8.499999999999989786e-01,-5.599999999999987210e-01,-1.999999999999975131e-01,-1.599999999999983658e-01,-1.000000000000000000e+00,-1.000000000000000000e+00,-1.000000000000000000e+00,6.300000000000041123e-01,-1.000000000000000000e+00,-1.399999999999965716e-01,2.000000000000268230e-02,8.700000000000016609e-01,-8.799999999999990052e-01,-1.599999999999983658e-01,-1.000000000000000000e+00,8.300000000000034017e-01,-1.000000000000000000e+00,2.664535259100375697e-15,1.800000000000028244e-01,-1.000000000000000000e+00,6.700000000000032596e-01,-1.299999999999974509e-01,5.200000000000049027e-01,-6.999999999999828582e-02,-1.000000000000000000e+00,1.600000000000028066e-01,-1.000000000000000000e+00,5.900000000000023004e-01,-1.000000000000000000e+00,1.900000000000010569e-01,-7.999999999999740652e-02,7.500000000000024425e-01,-1.599999999999974776e-01,-1.000000000000000000e+00,-1.799999999999983835e-01,-3.499999999999958700e-01,4.000000000000181188e-02,6.500000000000014655e-01,-7.699999999999989075e-01,6.800000000000032685e-01,5.800000000000022915e-01,-1.000000000000000000e+00,-2.099999999999984102e-01,-1.000000000000000000e+00,1.000000000000018652e-01,-5.599999999999987210e-01,7.800000000000015810e-01,-6.599999999999979217e-01,-2.799999999999984723e-01,6.400000000000014566e-01,-5.099999999999986766e-01,-4.999999999999977796e-01,-1.000000000000000000e+00,-9.699999999999990852e-01,-6.699999999999979305e-01,-1.000000000000000000e+00,-6.999999999999961808e-01,-1.000000000000000000e+00,1.776356839400250465e-15,9.000000000000016875e-01,-4.999999999999977796e-01,-6.799999999999979394e-01,-4.199999999999994849e-01,-7.499999999999988898e-01,-2.899999999999984812e-01,-2.999999999999984901e-01,-2.699999999999984635e-01,-5.199999999999986855e-01,3.200000000000020606e-01,-3.999999999999825917e-02,-1.000000000000000000e+00,-6.599999999999979217e-01,-1.000000000000000000e+00,2.300000000000055334e-01,-6.199999999999987743e-01,5.329070518200751394e-15,4.100000000000030287e-01,-3.399999999999976374e-01,-6.099999999999978773e-01,-8.899999999999990141e-01,-4.599999999999959677e-01
-1.000000000000000000e+00,2.000000000000028422e-01,-3.299999999999985167e-01,-9.099999999999972555e-01,-5.599999999999987210e-01,3.400000000000029665e-01,-1.000000000000000000e+00,-1.000000000000000000e+00,-6.699999999999970424e-01,2.600000000000020073e-01,-2.399999999999966604e-01,-1.000000000000000000e+00,-1.399999999999965716e-01,-9.799999999999973177e-01,6.100000000000023181e-01,-8.799999999999990052e-01,-1.599999999999983658e-01,-1.000000000000000000e+00,6.700000000000041478e-01,4.400000000000012790e-01,-2.899999999999958167e-01,1.800000000000028244e-01,-1.000000000000000000e+00,6.700000000000032596e-01,-1.000000000000000000e+00,5.200000000000049027e-01,7.900000000000015898e-01,-1.000000000000000000e+00,6.900000000000023892e-01,-8.699999999999981082e-01,1.000000000000027534e-01,-6.699999999999952660e-01,1.900000000000010569e-01,6.200000000000023270e-01,-9.999999999999120703e-03,-5.299999999999986944e-01,-1.000000000000000000e+00,-1.000000000000000000e+00,-1.000000000000000000e+00,-1.000000000000000000e+00,1.900000000000019451e-01,-9.999999999999742428e-02,5.700000000000022826e-01,5.800000000000022915e-01,-6.099999999999996536e-01,4.000000000000021316e-01,-1.000000000000000000e+00,-5.599999999999987210e-01,-1.000000000000000000e+00,7.800000000000015810e-01,-6.599999999999979217e-01,-1.000000000000000000e+00,6.400000000000014566e-01,-5.099999999999986766e-01,-4.999999999999977796e-01,-1.000000000000000000e+00,6.800000000000041567e-01,-2.199999999999975309e-01,-1.000000000000000000e+00,9.000000000000540901e-02,-5.699999999999960654e-01,-1.000000000000000000e+00,9.000000000000016875e-01,2.200000000000037481e-01,-9.699999999999990852e-01,-4.199999999999994849e-01,-1.000000000000000000e+00,4.700000000000030820e-01,-1.000000000000000000e+00,-2.699999999999984635e-01,-5.199999999999986855e-01,3.200000000000020606e-01,-3.999999999999825917e-02,-1.000000000000000000e+00,-9.999999999994679811e-03,-4.999999999999382716e-02,2.300000000000055334e-01,-3.199999999999967315e-01,-8.199999999999971756e-01,4.100000000000030287e-01,-7.099999999999979661e-01,-6.099999999999978773e-01,-1.000000000000000000e+00,-8.599999999999972111e-01
-4.699999999999995293e-01,1.300000000000045564e-01,-3.299999999999985167e-01,-8.499999999999989786e-01,-1.999999999999735323e-02,-4.299999999999968292e-01,8.200000000000016165e-01,-3.399999999999985256e-01,4.440892098500626162e-15,-1.000000000000000000e+00,5.300000000000031353e-01,-1.000000000000000000e+00,-1.399999999999965716e-01,-1.000000000000000000e+00,8.700000000000016609e-01,-8.799999999999990052e-01,-1.599999999999983658e-01,-1.000000000000000000e+00,-1.000000000000000000e+00,-1.000000000000000000e+00,-1.000000000000000000e+00,1.200000000000045475e-01,-1.000000000000000000e+00,6.700000000000032596e-01,-1.000000000000000000e+00,3.900000000000056755e-01,-6.999999999999828582e-02,-1.000000000000000000e+00,9.500000000000043965e-01,-8.699999999999981082e-01,5.900000000000023004e-01,-1.599999999999957012e-01,1.900000000000010569e-01,4.600000000000030731e-01,5.700000000000022826e-01,-5.299999999999986944e-01,-1.000000000000000000e+00,-1.799999999999983835e-01,-8.699999999999972200e-01,-6.499999999999979128e-01,6.500000000000014655e-01,-1.000000000000000000e+00,6.800000000000032685e-01,5.800000000000022915e-01,-6.099999999999996536e-01,2.500000000000011102e-01,-1.000000000000000000e+00,3.300000000000011813e-01,2.700000000000029043e-01,9.000000000000185629e-02,-6.599999999999979217e-01,-8.299999999999980727e-01,6.400000000000014566e-01,-5.099999999999986766e-01,-4.999999999999977796e-01,-7.899999999999989253e-01,-9.699999999999990852e-01,-6.699999999999979305e-01,-1.000000000000000000e+00,-6.999999999999961808e-01,-8.599999999999980993e-01,1.776356839400250465e-15,9.000000000000016875e-01,-4.999999999999977796e-01,-1.000000000000000000e+00,-1.000000000000000000e+00,-3.599999999999976552e-01,-2.899999999999984812e-01,-2.999999999999984901e-01,-2.699999999999984635e-01,-5.199999999999986855e-01,3.200000000000020606e-01,-4.899999999999986589e-01,-1.000000000000000000e+00,-9.999999999994679811e-03,-5.499999999999987121e-01,9.100000000000061373e-01,-6.199999999999987743e-01,5.329070518200751394e-15,-1.000000000000000000e+00,-5.999999999999827693e-02,-6.099999999999978773e-01,-8.899999999999990141e-01,-8.599999999999972111e-01
-4.699999999999995293e-01,-5.799999999999969624e-01,-3.299999999999985167e-01,-8.499999999999989786e-01,-5.599999999999987210e-01,-4.299999999999968292e-01,-1.599999999999983658e-01,-3.399999999999985256e-01,-1.000000000000000000e+00,-3.999999999999825917e-02,5.300000000000031353e-01,-1.000000000000000000e+00,-7.199999999999961986e-01,-1.000000000000000000e+00,8.700000000000016609e-01,-1.000000000000000000e+00,6.600000000000032507e-01,-1.000000000000000000e+00,-1.000000000000000000e+00,-1.000000000000000000e+00,2.664535259100375697e-15,1.200000000000045475e-01,-1.000000000000000000e+00,6.700000000000032596e-01,-1.000000000000000000e+00,3.900000000000056755e-01,1.900000000000019451e-01,-1.000000000000000000e+00,-1.000000000000000000e+00,-8.699999999999981082e-01,5.900000000000023004e-01,-1.000000000000000000e+00,1.900000000000010569e-01,4.600000000000030731e-01,-9.999999999999120703e-03,-1.599999999999974776e-01,-1.000000000000000000e+00,-7.899999999999989253e-01,-8.699999999999972200e-01,4.000000000000181188e-02,6.500000000000014655e-01,-7.699999999999989075e-01,6.800000000000032685e-01,5.800000000000022915e-01,-1.000000000000000000e+00,2.500000000000011102e-01,-1.000000000000000000e+00,1.000000000000018652e-01,-7.199999999999988631e-01,9.000000000000185629e-02,-6.599999999999979217e-01,-1.000000000000000000e+00,6.400000000000014566e-01,-5.099999999999986766e-01,-4.999999999999977796e-01,-1.000000000000000000e+00,6.800000000000041567e-01,-2.199999999999975309e-01,-6.299999999999987832e-01,-5.499999999999942712e-01,-1.000000000000000000e+00,-1.000000000000000000e+00,9.000000000000016875e-01,2.200000000000037481e-01,-1.000000000000000000e+00,-4.199999999999994849e-01,-7.099999999999979661e-01,-2.899999999999984812e-01,-2.999999999999984901e-01,-2.699999999999984635e-01,-5.199999999999986855e-01,3.200000000000020606e-01,-3.999999999999825917e-02,-1.000000000000000000e+00,-3.399999999999958611e-01,-5.499999999999987121e-01,2.300000000000055334e-01,-3.199999999999967315e-01,-8.199999999999971756e-01,-1.299999999999983391e-01,-3.399999999999976374e-01,2.700000000000037925e-01,-8.899999999999990141e-01,-8.599999999999972111e-01
-7.399999999999988809e-01,2.000000000000028422e-01,-3.299999999999985167e-01,-1.000000000000000000e+00,2.100000000000037392e-01,-1.999999999999975131e-01,8.200000000000016165e-01,-1.000000000000000000e+00,-5.099999999999977884e-01,-1.000000000000000000e+00,5.300000000000031353e-01,-1.000000000000000000e+00,-1.399999999999965716e-01,-2.199999999999984190e-01,8.700000000000016609e-01,-8.799999999999990052e-01,-2.199999999999984190e-01,-1.000000000000000000e+00,9.000000000000034639e-01,4.400000000000012790e-01,2.664535259100375697e-15,1.800000000000028244e-01,-1.000000000000000000e+00,6.700000000000032596e-01,5.000000000000270894e-02,3.900000000000056755e-01,-6.999999999999828582e-02,-1.000000000000000000e+00,1.600000000000028066e-01,-1.000000000000000000e+00,8.000000000000095923e-02,-7.999999999999563016e-02,9.000000000000025757e-01,6.200000000000023270e-01,-9.999999999999120703e-03,-5.299999999999986944e-01,-1.000000000000000000e+00,-1.000000000000000000e+00,-8.499999999999989786e-01,6.700000000000032596e-01,6.500000000000014655e-01,-1.000000000000000000e+00,5.700000000000022826e-01,-6.999999999999739764e-02,-1.000000000000000000e+00,2.500000000000011102e-01,-1.000000000000000000e+00,3.300000000000011813e-01,-7.199999999999988631e-01,7.800000000000015810e-01,5.800000000000058442e-01,-1.000000000000000000e+00,-1.000000000000000000e+00,-5.099999999999986766e-01,-9.199999999999972644e-01,-1.000000000000000000e+00,6.800000000000041567e-01,-2.199999999999975309e-01,-9.299999999999981615e-01,-6.999999999999961808e-01,-3.399999999999985256e-01,-3.599999999999994316e-01,9.000000000000016875e-01,-4.999999999999977796e-01,-1.000000000000000000e+00,-2.099999999999984102e-01,7.000000000000095035e-02,-8.499999999999980904e-01,-1.000000000000000000e+00,-2.499999999999975575e-01,-3.199999999999985079e-01,2.100000000000019629e-01,-1.000000000000000000e+00,-1.000000000000000000e+00,-6.599999999999979217e-01,-5.499999999999987121e-01,1.700000000000045919e-01,-5.399999999999978151e-01,-3.499999999999958700e-01,7.000000000000015099e-01,-5.999999999999827693e-02,-6.099999999999978773e-01,-1.000000000000000000e+00,4.500000000000039524e-01
-4.699999999999995293e-01,-5.799999999999969624e-01,-3.299999999999985167e-01,-5.499999999999978240e-01,-5.599999999999987210e-01,-1.999999999999975131e-01,8.200000000000016165e-01,-3.399999999999985256e-01,4.440892098500626162e-15,-3.999999999999825917e-02,5.500000000000040412e-01,-1.000000000000000000e+00,-8.199999999999962874e-01,-1.000000000000000000e+00,-6.299999999999978950e-01,-1.000000000000000000e+00,-9.699999999999981970e-01,-1.000000000000000000e+00,4.300000000000021583e-01,-1.000000000000000000e+00,2.664535259100375697e-15,1.800000000000028244e-01,-1.000000000000000000e+00,6.700000000000032596e-01,-1.000000000000000000e+00,5.200000000000049027e-01,-6.999999999999828582e-02,-1.000000000000000000e+00,1.600000000000028066e-01,-2.999999999999647393e-02,9.100000000000034728e-01,8.000000000000060396e-01,1.900000000000010569e-01,4.600000000000030731e-01,7.500000000000024425e-01,-1.599999999999974776e-01,-1.000000000000000000e+00,-5.799999999999996270e-01,-5.599999999999978328e-01,4.000000000000181188e-02,9.000000000000185629e-02,-7.699999999999989075e-01,7.500000000000033307e-01,5.800000000000022915e-01,-6.099999999999996536e-01,9.700000000000026379e-01,-1.000000000000000000e+00,1.000000000000018652e-01,-5.599999999999987210e-01,7.800000000000015810e-01,-6.599999999999979217e-01,-1.000000000000000000e+00,-1.000000000000000000e+00,-5.099999999999986766e-01,-4.999999999999977796e-01,-1.000000000000000000e+00,6.800000000000041567e-01,-2.199999999999975309e-01,-7.699999999999989075e-01,-1.299999999999947864e-01,-1.000000000000000000e+00,-9.999999999999991118e-01,9.000000000000016875e-01,-4.999999999999977796e-01,-5.299999999999986944e-01,-4.199999999999994849e-01,-7.499999999999988898e-01,-2.899999999999984812e-01,-2.999999999999984901e-01,-2.699999999999984635e-01,-5.199999999999986855e-01,-5.999999999999738876e-02,-4.899999999999986589e-01,-1.000000000000000000e+00,-6.599999999999979217e-01,-5.499999999999987121e-01,1.800000000000054889e-01,-1.000000000000000000e+00,5.329070518200751394e-15,6.300000000000041123e-01,-3.399999999999976374e-01,-6.099999999999978773e-01,-8.899999999999990141e-01,-8.599999999999972111e-01
-4.699999999999995293e-01,1.300000000000045564e-01,-3.299999999999985167e-01,-1.000000000000000000e+00,-1.999999999999735323e-02,-1.999999999999975131e-01,-1.599999999999983658e-01,-1.000000000000000000e+00,-5.099999999999977884e-01,6.400000000000014566e-01,5.500000000000049294e-01,-1.000000000000000000e+00,-1.399999999999965716e-01,-1.000000000000000000e+00,8.700000000000016609e-01,-8.799999999999990052e-01,-1.000000000000000000e+00,-1.000000000000000000e+00,8.300000000000034017e-01,4.400000000000012790e-01,2.664535259100375697e-15,1.800000000000028244e-01,-1.000000000000000000e+00,6.700000000000032596e-01,-9.199999999999990408e-01,5.200000000000049027e-01,7.900000000000015898e-01,-1.000000000000000000e+00,1.600000000000028066e-01,-1.000000000000000000e+00,5.900000000000023004e-01,-1.599999999999957012e-01,1.900000000000010569e-01,6.200000000000023270e-01,-9.999999999999120703e-03,-5.299999999999986944e-01,-1.000000000000000000e+00,-5.799999999999996270e-01,-1.000000000000000000e+00,-1.000000000000000000e+00,6.500000000000014655e-01,-7.699999999999989075e-01,5.700000000000022826e-01,5.800000000000022915e-01,-1.000000000000000000e+00,2.500000000000011102e-01,-1.000000000000000000e+00,7.700000000000024603e-01,-5.599999999999987210e-01,7.800000000000015810e-01,7.200000000000033040e-01,-1.000000000000000000e+00,6.400000000000014566e-01,-5.099999999999986766e-01,-4.999999999999977796e-01,-1.000000000000000000e+00,6.800000000000041567e-01,-6.699999999999979305e-01,-1.000000000000000000e+00,-6.999999999999961808e-01,-1.000000000000000000e+00,1.776356839400250465e-15,9.000000000000016875e-01,2.200000000000037481e-01,-1.000000000000000000e+00,-2.099999999999984102e-01,-7.499999999999988898e-01,-2.899999999999984812e-01,-1.000000000000000000e+00,-2.699999999999984635e-01,-6.599999999999996980e-01,6.500000000000032419e-01,-8.299999999999998490e-01,-4.099999999999985878e-01,-9.999999999994679811e-03,-5.499999999999987121e-01,1.700000000000045919e-01,-1.000000000000000000e+00,-8.199999999999971756e-01,9.700000000000026379e-01,-5.999999999999827693e-02,-6.099999999999978773e-01,-8.899999999999990141e-01,-8.599999999999972111e-01
-4.699999999999995293e-01,5.000000000000048850e-01,1.700000000000028155e-01,-8.499999999999989786e-01,-5.599999999999987210e-01,-1.499999999999974687e-01,-8.099999999999980549e-01,-1.000000000000000000e+00,-1.000000000000000000e+00,-1.000000000000000000e+00,5.300000000000031353e-01,-1.000000000000000000e+00,-1.399999999999965716e-01,-1.000000000000000000e+00,4.600000000000030731e-01,-1.000000000000000000e+00,-1.000000000000000000e+00,-1.000000000000000000e+00,9.900000000000044320e-01,-6.599999999999961453e-01,-2.899999999999984812e-01,-2.699999999999966871e-01,-6.199999999999978861e-01,6.700000000000032596e-01,-1.000000000000000000e+00,8.100000000000060485e-01,1.900000000000019451e-01,-1.000000000000000000e+00,-1.000000000000000000e+00,-1.000000000000000000e+00,-8.999999999999990230e-01,-1.000000000000000000e+00,1.900000000000010569e-01,6.200000000000023270e-01,-9.999999999999120703e-03,-5.299999999999986944e-01,-3.999999999999985789e-01,-1.000000000000000000e+00,-1.000000000000000000e+00,-8.699999999999989964e-01,6.500000000000014655e-01,-7.699999999999989075e-01,9.600000000000026290e-01,9.500000000000035083e-01,-1.000000000000000000e+00,4.000000000000181188e-02,-1.000000000000000000e+00,-7.999999999999740652e-02,-1.000000000000000000e+00,8.100000000000024958e-01,-6.599999999999979217e-01,-1.000000000000000000e+00,6.400000000000014566e-01,-5.099999999999986766e-01,-4.999999999999977796e-01,-7.899999999999989253e-01,6.800000000000041567e-01,-6.699999999999979305e-01,-1.000000000000000000e+00,-6.999999999999961808e-01,-3.399999999999985256e-01,-1.000000000000000000e+00,9.000000000000016875e-01,-4.999999999999977796e-01,-1.000000000000000000e+00,-4.199999999999994849e-01,-7.499999999999988898e-01,-2.899999999999984812e-01,-1.000000000000000000e+00,-2.699999999999984635e-01,-5.199999999999986855e-01,4.600000000000021849e-01,-3.999999999999825917e-02,-1.000000000000000000e+00,-6.599999999999979217e-01,-1.099999999999929923e-01,4.100000000000021405e-01,-3.199999999999967315e-01,-8.199999999999971756e-01,2.800000000000038014e-01,-5.999999999999827693e-02,-6.099999999999978773e-01,-8.899999999999990141e-01,-8.599999999999972111e-01
-1.000000000000000000e+00,-8.099999999999962785e-01,-3.299999999999985167e-01,-8.499999999999989786e-01,-5.599999999999987210e-01,-4.299999999999968292e-01,-1.000000000000000000e+00,-3.399999999999985256e-01,-5.099999999999977884e-01,-3.999999999999825917e-02,5.300000000000031353e-01,-1.000000000000000000e+00,-7.199999999999961986e-01,2.000000000000268230e-02,8.700000000000016609e-01,-1.000000000000000000e+00,-1.599999999999983658e-01,-9.199999999999990408e-01,8.300000000000034017e-01,-1.000000000000000000e+00,-2.899999999999958167e-01,1.100000000000036504e-01,-8.699999999999989964e-01,6.700000000000032596e-01,-8.499999999999980904e-01,3.900000000000056755e-01,7.900000000000015898e-01,-1.000000000000000000e+00,1.600000000000028066e-01,-8.699999999999981082e-01,9.100000000000034728e-01,-6.699999999999952660e-01,1.900000000000010569e-01,6.200000000000023270e-01,7.500000000000024425e-01,-5.299999999999986944e-01,-1.000000000000000000e+00,-5.799999999999996270e-01,-1.000000000000000000e+00,4.000000000000181188e-02,6.500000000000014655e-01,-9.999999999999742428e-02,6.800000000000032685e-01,5.800000000000022915e-01,-6.099999999999996536e-01,4.000000000000021316e-01,-3.699999999999985523e-01,-5.599999999999987210e-01,-1.000000000000000000e+00,7.800000000000015810e-01,-1.000000000000000000e+00,-2.799999999999984723e-01,6.400000000000014566e-01,4.100000000000030287e-01,-1.000000000000000000e+00,-1.000000000000000000e+00,-9.699999999999990852e-01,-2.199999999999975309e-01,-1.000000000000000000e+00,-1.299999999999947864e-01,-1.000000000000000000e+00,-3.599999999999994316e-01,2.000000000000019540e-01,-4.999999999999977796e-01,-9.699999999999990852e-01,-4.199999999999994849e-01,-9.999999999999982236e-01,-2.899999999999984812e-01,-2.999999999999984901e-01,-2.699999999999984635e-01,5.000000000000270894e-02,3.200000000000020606e-01,-2.299999999999984279e-01,-1.000000000000000000e+00,-6.599999999999979217e-01,-4.999999999999382716e-02,1.700000000000045919e-01,-1.000000000000000000e+00,5.329070518200751394e-15,-1.299999999999983391e-01,-7.099999999999979661e-01,-6.099999999999978773e-01,-8.899999999999990141e-01,-1.000000000000000000e+00
-7.399999999999988809e-01,-5.799999999999969624e-01,-1.000000000000000000e+00,-1.000000000000000000e+00,3.300000000000029576e-01,-1.999999999999975131e-01,-1.599999999999983658e-01,-1.000000000000000000e+00,-1.000000000000000000e+00,6.400000000000014566e-01,5.500000000000049294e-01,-1.000000000000000000e+00,-1.199999999999956657e-01,-1.000000000000000000e+00,8.700000000000016609e-01,-1.000000000000000000e+00,-1.599999999999983658e-01,-1.000000000000000000e+00,8.300000000000034017e-01,4.400000000000012790e-01,9.800000000000044231e-01,1.800000000000028244e-01,-1.000000000000000000e+00,6.700000000000032596e-01,-9.199999999999990408e-01,5.200000000000049027e-01,7.900000000000015898e-01,-1.000000000000000000e+00,1.600000000000028066e-01,-1.000000000000000000e+00,5.900000000000023004e-01,-7.999999999999563016e-02,1.900000000000010569e-01,4.600000000000030731e-01,-9.999999999999120703e-03,-5.299999999999986944e-01,-1.000000000000000000e+00,-1.000000000000000000e+00,-1.000000000000000000e+00,4.000000000000181188e-02,6.500000000000014655e-01,-7.699999999999989075e-01,6.800000000000032685e-01,5.800000000000022915e-01,-1.000000000000000000e+00,2.500000000000011102e-01,-1.000000000000000000e+00,1.000000000000018652e-01,-1.000000000000000000e+00,7.800000000000015810e-01,-6.599999999999979217e-01,-1.000000000000000000e+00,6.400000000000014566e-01,1.300000000000027800e-01,-9.199999999999972644e-01,-1.000000000000000000e+00,6.800000000000041567e-01,-2.199999999999975309e-01,-6.699999999999979305e-01,-6.999999999999961808e-01,-1.000000000000000000e+00,-1.000000000000000000e+00,9.000000000000016875e-01,-4.999999999999977796e-01,-1.000000000000000000e+00,-4.199999999999994849e-01,7.000000000000095035e-02,-2.899999999999984812e-01,-1.000000000000000000e+00,-2.699999999999984635e-01,-5.199999999999986855e-01,3.200000000000020606e-01,-3.999999999999825917e-02,-1.000000000000000000e+00,-6.599999999999979217e-01,-5.499999999999987121e-01,2.300000000000055334e-01,-1.499999999999956923e-01,-2.999999999999976019e-01,7.000000000000015099e-01,-5.999999999999827693e-02,-6.099999999999978773e-01,-8.899999999999990141e-01,-8.599999999999972111e-01
-4.699999999999995293e-01,-5.799999999999969624e-01,-3.299999999999985167e-01,-8.499999999999989786e-01,-7.099999999999979661e-01,-1.599999999999965894e-01,8.200000000000016165e-01,-1.000000000000000000e+00,-1.000000000000000000e+00,-1.000000000000000000e+00,5.300000000000031353e-01,-1.000000000000000000e+00,-1.399999999999965716e-01,-1.000000000000000000e+00,4.600000000000030731e-01,-8.799999999999990052e-01,-1.000000000000000000e+00,-1.000000000000000000e+00,8.300000000000034017e-01,4.400000000000012790e-01,9.000000000000540901e-02,1.800000000000028244e-01,-1.000000000000000000e+00,6.700000000000032596e-01,-1.000000000000000000e+00,3.900000000000056755e-01,1.900000000000019451e-01,-1.000000000000000000e+00,6.900000000000023892e-01,-1.000000000000000000e+00,5.900000000000023004e-01,-1.000000000000000000e+00,1.900000000000010569e-01,4.600000000000030731e-01,-9.999999999999120703e-03,-5.299999999999986944e-01,-1.000000000000000000e+00,-1.000000000000000000e+00,-8.499999999999989786e-01,9.000000000000185629e-02,6.500000000000014655e-01,-7.699999999999989075e-01,6.800000000000032685e-01,5.800000000000022915e-01,-1.000000000000000000e+00,2.500000000000011102e-01,-1.000000000000000000e+00,3.300000000000011813e-01,-1.000000000000000000e+00,7.800000000000015810e-01,-6.599999999999979217e-01,-1.000000000000000000e+00,-8.299999999999989608e-01,-5.099999999999986766e-01,-1.000000000000000000e+00,-7.899999999999989253e-01,6.800000000000041567e-01,-6.699999999999979305e-01,-4.499999999999986233e-01,-6.999999999999961808e-01,-2.199999999999975309e-01,-1.000000000000000000e+00,9.000000000000016875e-01,-4.999999999999977796e-01,-1.000000000000000000e+00,-4.199999999999994849e-01,7.000000000000095035e-02,-7.899999999999980371e-01,-2.999999999999984901e-01,-2.699999999999984635e-01,-5.199999999999986855e-01,2.100000000000019629e-01,-9.299999999999990496e-01,-1.000000000000000000e+00,-6.599999999999979217e-01,-1.000000000000000000e+00,2.300000000000055334e-01,-3.199999999999967315e-01,-8.199999999999971756e-01,-1.000000000000000000e+00,-5.999999999999827693e-02,-6.099999999999978773e-01,-8.899999999999990141e-01,-8.599999999999972111e-01
-4.699999999999995293e-01,2.000000000000028422e-01,-3.299999999999985167e-01,-5.499999999999978240e-01,-7.099999999999979661e-01,-1.599999999999965894e-01,8.200000000000016165e-01,-1.000000000000000000e+00,-5.099999999999977884e-01,-1.000000000000000000e+00,5.300000000000031353e-01,7.100000000000041833e-01,-1.399999999999965716e-01,-1.000000000000000000e+00,4.600000000000030731e-01,-8.799999999999990052e-01,-1.000000000000000000e+00,-1.000000000000000000e+00,4.300000000000021583e-01,4.400000000000012790e-01,2.664535259100375697e-15,1.800000000000037126e-01,-8.699999999999989964e-01,6.700000000000032596e-01,-9.199999999999990408e-01,5.200000000000049027e-01,-6.999999999999828582e-02,-1.000000000000000000e+00,1.600000000000028066e-01,-7.999999999999989342e-01,-8.999999999999990230e-01,-1.599999999999957012e-01,1.900000000000010569e-01,4.600000000000030731e-01,-1.000000000000000000e+00,-5.299999999999986944e-01,-1.000000000000000000e+00,-1.000000000000000000e+00,-8.899999999999990141e-01,5.500000000000022649e-01,9.000000000000185629e-02,-1.000000000000000000e+00,9.600000000000026290e-01,5.800000000000022915e-01,-1.000000000000000000e+00,9.700000000000026379e-01,-1.000000000000000000e+00,3.300000000000011813e-01,-1.000000000000000000e+00,7.800000000000015810e-01,-1.000000000000000000e+00,-1.000000000000000000e+00,-1.000000000000000000e+00,-5.099999999999986766e-01,-1.000000000000000000e+00,-7.899999999999989253e-01,6.800000000000041567e-01,-2.199999999999975309e-01,-9.299999999999981615e-01,-3.799999999999950084e-01,-1.000000000000000000e+00,-3.599999999999994316e-01,9.000000000000016875e-01,-4.999999999999977796e-01,-1.000000000000000000e+00,-4.199999999999994849e-01,7.000000000000095035e-02,-1.000000000000000000e+00,-1.000000000000000000e+00,-2.699999999999984635e-01,-2.999999999999825029e-02,3.200000000000020606e-01,-9.299999999999990496e-01,-9.499999999999990674e-01,-6.599999999999979217e-01,1.900000000000028333e-01,1.700000000000045919e-01,-1.000000000000000000e+00,-3.499999999999958700e-01,4.100000000000030287e-01,-9.299999999999981615e-01,-1.999999999999966249e-01,-9.999999999999991118e-01,4.500000000000039524e-01
-4.699999999999995293e-01,2.000000000000028422e-01,-3.299999999999985167e-01,-8.499999999999989786e-01,-5.599999999999987210e-01,-1.499999999999974687e-01,-7.399999999999979927e-01,-7.999999999999829470e-02,4.440892098500626162e-15,3.900000000000021227e-01,5.300000000000031353e-01,-7.399999999999988809e-01,-1.199999999999956657e-01,-9.799999999999973177e-01,8.700000000000016609e-01,-1.000000000000000000e+00,-1.000000000000000000e+00,-3.699999999999985523e-01,9.900000000000044320e-01,2.500000000000037748e-01,2.664535259100375697e-15,1.200000000000045475e-01,-1.000000000000000000e+00,6.700000000000032596e-01,-8.499999999999980904e-01,8.100000000000060485e-01,1.900000000000019451e-01,-1.000000000000000000e+00,1.600000000000028066e-01,-8.699999999999981082e-01,8.000000000000095923e-02,5.000000000000537348e-02,1.900000000000010569e-01,-7.999999999999740652e-02,-6.799999999999988276e-01,-1.599999999999974776e-01,-1.000000000000000000e+00,-5.799999999999996270e-01,-8.699999999999972200e-01,-1.000000000000000000e+00,6.500000000000014655e-01,-2.599999999999975664e-01,5.700000000000022826e-01,5.800000000000022915e-01,-6.099999999999996536e-01,3.100000000000020517e-01,-1.000000000000000000e+00,3.300000000000011813e-01,-7.299999999999988720e-01,7.800000000000015810e-01,-6.599999999999979217e-01,-2.799999999999984723e-01,8.800000000000025580e-01,-5.099999999999986766e-01,-4.999999999999977796e-01,-1.000000000000000000e+00,6.800000000000041567e-01,-2.199999999999975309e-01,-5.799999999999987388e-01,-6.999999999999961808e-01,-1.000000000000000000e+00,-5.499999999999987121e-01,9.000000000000016875e-01,-4.999999999999977796e-01,-9.799999999999990941e-01,-4.199999999999994849e-01,-7.499999999999988898e-01,-2.899999999999984812e-01,-2.999999999999984901e-01,-2.699999999999984635e-01,-3.199999999999985079e-01,6.000000000000094147e-02,-4.899999999999986589e-01,-1.000000000000000000e+00,-5.799999999999969624e-01,-1.000000000000000000e+00,2.300000000000055334e-01,-6.199999999999987743e-01,5.329070518200751394e-15,-1.299999999999983391e-01,-5.999999999999827693e-02,-1.000000000000000000e+00,-1.000000000000000000e+00,-8.599999999999972111e-01
-1.000000000000000000e+00,2.000000000000028422e-01,-3.299999999999985167e-01,-8.499999999999989786e-01,-5.599999999999987210e-01,-5.799999999999987388e-01,-1.599999999999983658e-01,-1.000000000000000000e+00,-4.199999999999968203e-01,2.600000000000020073e-01,5.300000000000031353e-01,-1.000000000000000000e+00,-1.399999999999965716e-01,-2.199999999999984190e-01,8.700000000000016609e-01,-8.799999999999990052e-01,-1.000000000000000000e+00,-9.199999999999990408e-01,6.700000000000041478e-01,4.400000000000012790e-01,-2.899999999999958167e-01,-1.199999999999965539e-01,-8.699999999999989964e-01,6.700000000000032596e-01,-9.199999999999990408e-01,8.100000000000060485e-01,7.900000000000015898e-01,-1.000000000000000000e+00,-1.000000000000000000e+00,-8.699999999999981082e-01,-8.999999999999990230e-01,-6.699999999999952660e-01,1.900000000000010569e-01,6.200000000000023270e-01,-6.799999999999988276e-01,-5.299999999999986944e-01,-1.000000000000000000e+00,-7.799999999999989164e-01,-1.000000000000000000e+00,-1.000000000000000000e+00,6.500000000000014655e-01,-7.699999999999989075e-01,9.600000000000026290e-01,9.500000000000035083e-01,-1.000000000000000000e+00,4.000000000000021316e-01,-1.000000000000000000e+00,3.300000000000011813e-01,2.664535259100375697e-15,7.800000000000015810e-01,-1.000000000000000000e+00,-1.000000000000000000e+00,-1.000000000000000000e+00,-5.099999999999986766e-01,-1.000000000000000000e+00,-7.899999999999998135e-01,6.800000000000041567e-01,-6.699999999999979305e-01,-9.299999999999981615e-01,-6.999999999999961808e-01,-3.399999999999985256e-01,-3.599999999999994316e-01,9.000000000000016875e-01,-4.999999999999977796e-01,-1.000000000000000000e+00,-4.199999999999994849e-01,-9.999999999999982236e-01,-2.899999999999984812e-01,-8.699999999999989964e-01,6.000000000000360600e-02,-1.000000000000000000e+00,4.600000000000021849e-01,-2.299999999999984279e-01,-4.299999999999986056e-01,-6.599999999999979217e-01,-4.999999999999382716e-02,1.700000000000045919e-01,-5.399999999999978151e-01,-8.199999999999971756e-01,4.100000000000030287e-01,-5.999999999999827693e-02,-6.099999999999978773e-01,-8.899999999999990141e-01,4.500000000000039524e-01
-7.399999999999988809e-01,2.000000000000028422e-01,-3.299999999999985167e-01,-5.499999999999978240e-01,3.300000000000029576e-01,-1.999999999999975131e-01,8.200000000000016165e-01,-1.000000000000000000e+00,-5.099999999999977884e-01,6.400000000000014566e-01,5.500000000000040412e-01,-1.000000000000000000e+00,-1.199999999999956657e-01,-1.000000000000000000e+00,8.700000000000016609e-01,-8.799999999999990052e-01,-9.699999999999981970e-01,-1.000000000000000000e+00,-1.000000000000000000e+00,-2.999999999999984901e-01,2.664535259100375697e-15,1.800000000000028244e-01,-1.000000000000000000e+00,6.700000000000032596e-01,-9.199999999999990408e-01,5.200000000000049027e-01,-6.999999999999828582e-02,-1.000000000000000000e+00,1.600000000000028066e-01,-1.000000000000000000e+00,8.000000000000095923e-02,-1.599999999999957012e-01,1.900000000000010569e-01,6.200000000000023270e-01,-1.000000000000000000e+00,-1.000000000000000000e+00,-1.000000000000000000e+00,-5.799999999999996270e-01,-1.000000000000000000e+00,-1.000000000000000000e+00,9.000000000000185629e-02,-7.699999999999989075e-01,3.700000000000038813e-01,-6.999999999999739764e-02,-1.000000000000000000e+00,2.500000000000011102e-01,-1.000000000000000000e+00,7.700000000000024603e-01,-7.199999999999988631e-01,7.800000000000015810e-01,7.200000000000033040e-01,-1.000000000000000000e+00,8.800000000000025580e-01,-5.099999999999986766e-01,-1.099999999999956568e-01,-1.000000000000000000e+00,-1.999999999999824141e-02,-2.199999999999975309e-01,-6.699999999999979305e-01,-6.999999999999961808e-01,-1.000000000000000000e+00,-3.599999999999994316e-01,9.000000000000016875e-01,-4.999999999999977796e-01,-1.000000000000000000e+00,-4.199999999999994849e-01,7.000000000000095035e-02,-2.899999999999984812e-01,-1.000000000000000000e+00,-2.699999999999984635e-01,-2.999999999999825029e-02,3.200000000000020606e-01,-1.000000000000000000e+00,-1.000000000000000000e+00,-6.599999999999979217e-01,-1.000000000000000000e+00,1.800000000000054889e-01,-1.000000000000000000e+00,-5.199999999999977973e-01,-1.000000000000000000e+00,-5.999999999999827693e-02,-6.099999999999978773e-01,-1.000000000000000000e+00,-8.599999999999972111e-01
-8.199999999999989519e-01,2.000000000000028422e-01,-1.000000000000000000e+00,-5.499999999999978240e-01,-5.599999999999987210e-01,-1.499999999999974687e-01,1.700000000000028155e-01,-1.000000000000000000e+00,-5.099999999999977884e-01,3.900000000000021227e-01,5.300000000000031353e-01,-7.399999999999988809e-01,-1.199999999999956657e-01,-9.799999999999973177e-01,2.000000000000179412e-02,-8.799999999999990052e-01,-9.699999999999981970e-01,-3.699999999999985523e-01,3.700000000000047695e-01,4.400000000000012790e-01,2.664535259100375697e-15,1.800000000000028244e-01,-8.699999999999989964e-01,-1.999999999999646505e-02,-9.199999999999990408e-01,8.100000000000060485e-01,-6.999999999999828582e-02,-1.000000000000000000e+00,1.600000000000028066e-01,-8.699999999999981082e-01,8.000000000000095923e-02,5.000000000000537348e-02,1.900000000000010569e-01,4.600000000000030731e-01,-6.799999999999988276e-01,-1.000000000000000000e+00,-1.000000000000000000e+00,-5.799999999999996270e-01,-1.000000000000000000e+00,-1.000000000000000000e+00,6.500000000000014655e-01,-2.599999999999975664e-01,7.500000000000033307e-01,9.500000000000035083e-01,-1.000000000000000000e+00,2.500000000000011102e-01,-1.000000000000000000e+00,3.300000000000011813e-01,-5.599999999999987210e-01,7.800000000000015810e-01,-1.000000000000000000e+00,-1.000000000000000000e+00,8.800000000000025580e-01,-5.099999999999986766e-01,-4.999999999999977796e-01,-2.799999999999975842e-01,6.800000000000041567e-01,-3.899999999999967937e-01,-5.799999999999987388e-01,-7.599999999999944578e-01,-1.000000000000000000e+00,-3.599999999999994316e-01,9.000000000000016875e-01,-4.999999999999977796e-01,-5.299999999999986944e-01,-4.199999999999994849e-01,7.000000000000095035e-02,-2.899999999999984812e-01,-1.000000000000000000e+00,-2.699999999999984635e-01,-3.199999999999985079e-01,3.200000000000020606e-01,-8.299999999999998490e-01,-6.999999999999828582e-02,-6.599999999999979217e-01,1.900000000000028333e-01,1.700000000000045919e-01,-1.000000000000000000e+00,-6.899999999999970601e-01,4.100000000000030287e-01,-5.999999999999827693e-02,-6.099999999999978773e-01,-1.000000000000000000e+00,-1.599999999999965894e-01
-4.699999999999995293e-01,2.000000000000028422e-01,-3.299999999999985167e-01,-5.499999999999978240e-01,-5.599999999999987210e-01,-1.999999999999975131e-01,-1.000000000000000000e+00,-1.000000000000000000e+00,4.440892098500626162e-15,6.400000000000014566e-01,5.500000000000040412e-01,-1.099999999999974332e-01,-1.399999999999965716e-01,2.000000000000268230e-02,8.700000000000016609e-01,-8.799999999999990052e-01,-1.599999999999983658e-01,-1.000000000000000000e+00,3.300000000000038458e-01,4.400000000000012790e-01,2.664535259100375697e-15,1.800000000000028244e-01,-8.699999999999989964e-01,-1.000000000000000000e+00,-9.199999999999990408e-01,5.200000000000049027e-01,-6.999999999999828582e-02,-1.000000000000000000e+00,1.600000000000028066e-01,-8.699999999999981082e-01,-1.000000000000000000e+00,-1.599999999999957012e-01,5.100000000000022293e-01,4.600000000000030731e-01,-1.000000000000000000e+00,-1.599999999999974776e-01,-1.000000000000000000e+00,-5.799999999999996270e-01,-6.299999999999978950e-01,4.000000000000181188e-02,6.500000000000014655e-01,-7.699999999999989075e-01,7.500000000000033307e-01,5.800000000000022915e-01,-6.099999999999996536e-01,9.700000000000026379e-01,-1.000000000000000000e+00,3.300000000000011813e-01,-7.199999999999988631e-01,7.800000000000015810e-01,-1.000000000000000000e+00,-1.000000000000000000e+00,6.400000000000014566e-01,-5.099999999999986766e-01,-4.999999999999977796e-01,-7.899999999999989253e-01,6.800000000000041567e-01,-2.199999999999975309e-01,-5.799999999999987388e-01,-1.299999999999947864e-01,-4.799999999999986500e-01,-5.499999999999987121e-01,9.000000000000016875e-01,-4.999999999999977796e-01,-9.799999999999990941e-01,-4.199999999999994849e-01,-7.499999999999988898e-01,-2.899999999999984812e-01,-2.999999999999984901e-01,2.800000000000029132e-01,-2.999999999999825029e-02,3.200000000000020606e-01,-1.000000000000000000e+00,-1.000000000000000000e+00,-6.599999999999979217e-01,-5.499999999999987121e-01,2.300000000000055334e-01,-6.199999999999987743e-01,-5.199999999999977973e-01,4.100000000000030287e-01,-3.399999999999976374e-01,-6.099999999999978773e-01,-1.000000000000000000e+00,-8.599999999999972111e-01
-7.399999999999988809e-01,2.000000000000028422e-01,-3.299999999999985167e-01,-1.000000000000000000e+00,-5.599999999999987210e-01,-1.999999999999975131e-01,-4.999999999999826805e-02,-1.000000000000000000e+00,-4.199999999999968203e-01,-1.000000000000000000e+00,5.300000000000031353e-01,-1.000000000000000000e+00,-1.199999999999956657e-01,-9.799999999999973177e-01,4.600000000000030731e-01,-8.799999999999990052e-01,-6.799999999999988276e-01,-1.000000000000000000e+00,4.300000000000021583e-01,4.400000000000012790e-01,-2.899999999999984812e-01,1.800000000000028244e-01,-4.999999999999986677e-01,6.700000000000032596e-01,-9.199999999999990408e-01,5.200000000000049027e-01,7.900000000000015898e-01,-1.000000000000000000e+00,1.600000000000028066e-01,-1.000000000000000000e+00,-8.999999999999990230e-01,-1.599999999999957012e-01,9.000000000000025757e-01,6.200000000000023270e-01,-7.999999999999989342e-01,-5.299999999999986944e-01,-1.000000000000000000e+00,-5.799999999999996270e-01,-1.000000000000000000e+00,-8.699999999999989964e-01,6.500000000000014655e-01,-7.699999999999989075e-01,9.600000000000026290e-01,-6.999999999999739764e-02,-1.000000000000000000e+00,2.500000000000011102e-01,-3.999999999999825917e-02,7.700000000000024603e-01,2.400000000000028777e-01,7.800000000000015810e-01,-6.599999999999979217e-01,-1.000000000000000000e+00,8.800000000000025580e-01,-5.099999999999986766e-01,-4.999999999999977796e-01,-1.000000000000000000e+00,6.800000000000041567e-01,-6.699999999999979305e-01,-6.699999999999979305e-01,-6.999999999999961808e-01,-3.399999999999985256e-01,1.776356839400250465e-15,1.400000000000019007e-01,-4.999999999999977796e-01,-1.000000000000000000e+00,-3.999999999999737099e-02,-7.499999999999988898e-01,-2.899999999999984812e-01,-1.000000000000000000e+00,-2.699999999999984635e-01,-1.000000000000000000e+00,6.000000000000094147e-02,-8.299999999999998490e-01,-1.000000000000000000e+00,-6.599999999999979217e-01,-5.499999999999987121e-01,1.700000000000045919e-01,-1.000000000000000000e+00,-2.999999999999976019e-01,2.800000000000038014e-01,-5.999999999999827693e-02,-1.000000000000000000e+00,-8.899999999999990141e-01,-8.599999999999972111e-01
-7.399999999999988809e-01,-5.799999999999969624e-01,-3.299999999999985167e-01,-1.000000000000000000e+00,3.300000000000029576e-01,-4.299999999999968292e-01,8.200000000000016165e-01,-3.399999999999985256e-01,-5.099999999999977884e-01,-3.999999999999825917e-02,5.300000000000031353e-01,-1.000000000000000000e+00,-7.199999999999961986e-01,-9.799999999999973177e-01,8.700000000000016609e-01,-1.000000000000000000e+00,-6.799999999999988276e-01,-1.000000000000000000e+00,4.300000000000021583e-01,-1.000000000000000000e+00,2.664535259100375697e-15,1.200000000000045475e-01,-1.000000000000000000e+00,6.700000000000032596e-01,-9.199999999999990408e-01,5.200000000000049027e-01,7.900000000000015898e-01,-1.000000000000000000e+00,5.000000000000359712e-02,-1.000000000000000000e+00,9.100000000000034728e-01,-1.000000000000000000e+00,1.900000000000010569e-01,-7.999999999999740652e-02,7.500000000000024425e-01,-1.599999999999974776e-01,-1.000000000000000000e+00,-5.799999999999996270e-01,-1.000000000000000000e+00,4.000000000000181188e-02,6.500000000000014655e-01,-1.000000000000000000e+00,6.800000000000032685e-01,5.800000000000022915e-01,-1.000000000000000000e+00,2.500000000000011102e-01,-1.000000000000000000e+00,1.000000000000018652e-01,-7.199999999999988631e-01,9.000000000000185629e-02,6.900000000000041656e-01,-1.000000000000000000e+00,6.400000000000014566e-01,-1.000000000000000000e+00,-9.199999999999972644e-01,-1.000000000000000000e+00,-6.199999999999978861e-01,-2.199999999999975309e-01,-5.799999999999987388e-01,-6.999999999999961808e-01,-1.000000000000000000e+00,-5.499999999999987121e-01,9.000000000000016875e-01,-4.999999999999977796e-01,-9.799999999999990941e-01,-4.199999999999994849e-01,7.000000000000095035e-02,-2.899999999999984812e-01,-2.999999999999984901e-01,-2.699999999999984635e-01,-5.199999999999986855e-01,3.200000000000020606e-01,-8.299999999999998490e-01,-1.000000000000000000e+00,-6.599999999999979217e-01,-5.499999999999987121e-01,1.700000000000045919e-01,-6.199999999999987743e-01,5.329070518200751394e-15,-2.199999999999984190e-01,-5.999999999999827693e-02,-6.099999999999978773e-01,-1.000000000000000000e+00,-8.599999999999972111e-01
-4.699999999999995293e-01,2.000000000000028422e-01,-3.299999999999985167e-01,-9.099999999999972555e-01,-5.599999999999987210e-01,2.000000000000046185e-01,-1.000000000000000000e+00,-1.000000000000000000e+00,-5.099999999999977884e-01,2.600000000000020073e-01,5.300000000000031353e-01,-6.099999999999987654e-01,-1.399999999999965716e-01,-9.799999999999973177e-01,4.600000000000030731e-01,-8.799999999999990052e-01,-1.000000000000000000e+00,-1.000000000000000000e+00,4.300000000000048228e-01,4.400000000000012790e-01,2.664535259100375697e-15,1.800000000000028244e-01,-1.000000000000000000e+00,6.700000000000032596e-01,-4.999999999999977796e-01,3.900000000000056755e-01,7.900000000000015898e-01,-1.000000000000000000e+00,1.600000000000028066e-01,-8.699999999999981082e-01,5.900000000000023004e-01,-6.699999999999952660e-01,9.000000000000025757e-01,6.200000000000023270e-01,8.100000000000024958e-01,-5.299999999999986944e-01,-1.000000000000000000e+00,-1.000000000000000000e+00,-1.000000000000000000e+00,-1.000000000000000000e+00,6.500000000000014655e-01,-9.999999999999742428e-02,5.700000000000022826e-01,5.800000000000022915e-01,-6.099999999999996536e-01,4.000000000000021316e-01,-1.000000000000000000e+00,3.300000000000011813e-01,-7.199999999999988631e-01,7.800000000000015810e-01,-1.000000000000000000e+00,-1.000000000000000000e+00,6.400000000000014566e-01,-5.099999999999986766e-01,-1.000000000000000000e+00,-1.000000000000000000e+00,6.800000000000041567e-01,-2.199999999999975309e-01,-9.299999999999981615e-01,9.000000000000540901e-02,-8.399999999999971934e-01,-3.599999999999994316e-01,9.000000000000016875e-01,2.200000000000037481e-01,-1.000000000000000000e+00,-1.000000000000000000e+00,7.000000000000095035e-02,-1.000000000000000000e+00,-1.000000000000000000e+00,-2.699999999999984635e-01,-1.000000000000000000e+00,2.100000000000019629e-01,-2.299999999999984279e-01,-1.000000000000000000e+00,-9.999999999994679811e-03,-1.999999999999824141e-02,1.700000000000045919e-01,-5.399999999999978151e-01,-3.499999999999958700e-01,4.100000000000030287e-01,-5.999999999999827693e-02,-6.099999999999978773e-01,-1.000000000000000000e+00,4.500000000000039524e-01
-4.699999999999995293e-01,-5.899999999999960831e-01,-1.000000000000000000e+00,-9.199999999999990408e-01,-5.599999999999987210e-01,-1.999999999999975131e-01,-9.999999999998232525e-03,-1.000000000000000000e+00,-1.000000000000000000e+00,-1.000000000000000000e+00,5.300000000000031353e-01,-7.399999999999988809e-01,-1.399999999999965716e-01,-9.799999999999973177e-01,8.700000000000016609e-01,-8.799999999999990052e-01,-1.599999999999983658e-01,-3.699999999999985523e-01,9.900000000000044320e-01,-1.000000000000000000e+00,-2.699999999999966871e-01,1.800000000000028244e-01,-1.000000000000000000e+00,6.700000000000032596e-01,-1.000000000000000000e+00,8.100000000000060485e-01,7.900000000000015898e-01,-1.000000000000000000e+00,1.600000000000028066e-01,-1.000000000000000000e+00,8.000000000000095923e-02,-1.000000000000000000e+00,1.900000000000010569e-01,-4.199999999999968203e-01,-6.799999999999988276e-01,-5.299999999999986944e-01,-1.000000000000000000e+00,-5.799999999999996270e-01,-1.000000000000000000e+00,-1.000000000000000000e+00,6.500000000000014655e-01,-2.599999999999975664e-01,6.800000000000032685e-01,5.800000000000022915e-01,-1.000000000000000000e+00,2.500000000000011102e-01,-1.000000000000000000e+00,1.000000000000018652e-01,-1.000000000000000000e+00,7.800000000000015810e-01,-6.599999999999979217e-01,-9.999999999999742428e-02,6.400000000000014566e-01,-5.099999999999986766e-01,-4.999999999999977796e-01,-6.199999999999987743e-01,6.800000000000041567e-01,-6.699999999999979305e-01,-5.799999999999987388e-01,-6.999999999999961808e-01,-8.199999999999989519e-01,-3.599999999999994316e-01,9.000000000000016875e-01,2.200000000000037481e-01,-1.000000000000000000e+00,-4.199999999999994849e-01,-7.499999999999988898e-01,-2.899999999999984812e-01,-1.000000000000000000e+00,-3.399999999999976374e-01,-5.199999999999986855e-01,6.000000000000094147e-02,-8.299999999999998490e-01,-1.000000000000000000e+00,-6.599999999999979217e-01,-1.000000000000000000e+00,9.800000000000061995e-01,-5.399999999999978151e-01,-6.899999999999970601e-01,7.000000000000015099e-01,-5.999999999999827693e-02,-6.199999999999969980e-01,-1.000000000000000000e+00,-8.599999999999972111e-01
-4.699999999999995293e-01,2.000000000000028422e-01,-3.299999999999985167e-01,-8.499999999999989786e-01,-1.999999999999735323e-02,-1.000000000000000000e+00,-1.599999999999983658e-01,-1.000000000000000000e+00,-1.000000000000000000e+00,-7.099999999999988542e-01,5.500000000000040412e-01,-2.999999999999825029e-02,-1.399999999999965716e-01,-1.000000000000000000e+00,8.700000000000016609e-01,-1.599999999999974776e-01,-1.000000000000000000e+00,-7.699999999999989075e-01,4.300000000000021583e-01,-1.000000000000000000e+00,-1.000000000000000000e+00,3.900000000000038991e-01,-8.699999999999989964e-01,6.700000000000032596e-01,-9.199999999999990408e-01,5.200000000000049027e-01,-6.999999999999828582e-02,-1.000000000000000000e+00,1.600000000000028066e-01,-1.000000000000000000e+00,5.900000000000023004e-01,-1.599999999999957012e-01,1.900000000000010569e-01,4.600000000000030731e-01,-1.000000000000000000e+00,-5.299999999999986944e-01,-1.000000000000000000e+00,-1.000000000000000000e+00,-1.000000000000000000e+00,4.000000000000181188e-02,1.900000000000019451e-01,-7.699999999999989075e-01,6.800000000000032685e-01,5.800000000000022915e-01,-1.000000000000000000e+00,2.500000000000011102e-01,2.600000000000028955e-01,3.300000000000011813e-01,-5.599999999999987210e-01,-1.000000000000000000e+00,7.200000000000033040e-01,-1.000000000000000000e+00,6.400000000000014566e-01,4.700000000000030820e-01,-4.999999999999977796e-01,-6.199999999999978861e-01,6.800000000000041567e-01,-6.699999999999979305e-01,-1.000000000000000000e+00,-6.999999999999961808e-01,-8.599999999999980993e-01,-7.199999999999979750e-01,2.900000000000020339e-01,-4.999999999999977796e-01,-1.000000000000000000e+00,-4.199999999999994849e-01,-7.499999999999988898e-01,4.700000000000030820e-01,-2.999999999999984901e-01,9.700000000000044142e-01,-6.599999999999996980e-01,3.200000000000020606e-01,-3.999999999999825917e-02,-1.000000000000000000e+00,-9.999999999999653610e-02,-5.499999999999987121e-01,1.700000000000045919e-01,-5.399999999999978151e-01,-8.199999999999971756e-01,7.000000000000015099e-01,-5.999999999999827693e-02,-6.099999999999978773e-01,-1.000000000000000000e+00,-8.599999999999972111e-01
-4.699999999999995293e-01,2.000000000000028422e-01,-3.299999999999985167e-01,-1.000000000000000000e+00,3.300000000000029576e-01,-1.999999999999975131e-01,-1.599999999999983658e-01,-1.000000000000000000e+00,-5.099999999999977884e-01,-1.000000000000000000e+00,5.300000000000031353e-01,-1.000000000000000000e+00,-1.399999999999965716e-01,-1.000000000000000000e+00,8.700000000000016609e-01,-1.000000000000000000e+00,-1.599999999999983658e-01,-1.000000000000000000e+00,8.100000000000042721e-01,4.400000000000012790e-01,-2.899999999999958167e-01,1.800000000000028244e-01,-1.000000000000000000e+00,6.700000000000032596e-01,-1.000000000000000000e+00,5.200000000000049027e-01,1.900000000000019451e-01,-1.000000000000000000e+00,1.600000000000028066e-01,-1.000000000000000000e+00,8.000000000000095923e-02,-1.000000000000000000e+00,1.900000000000010569e-01,4.600000000000030731e-01,-9.999999999999120703e-03,-5.299999999999986944e-01,-1.000000000000000000e+00,-1.000000000000000000e+00,-1.000000000000000000e+00,4.000000000000181188e-02,6.500000000000014655e-01,-7.699999999999989075e-01,6.800000000000032685e-01,5.800000000000022915e-01,-1.000000000000000000e+00,-5.299999999999986944e-01,-1.000000000000000000e+00,1.000000000000018652e-01,-7.199999999999988631e-01,7.800000000000015810e-01,7.200000000000033040e-01,-1.000000000000000000e+00,8.800000000000025580e-01,-5.099999999999986766e-01,-9.199999999999972644e-01,-1.000000000000000000e+00,-1.999999999999824141e-02,-2.199999999999975309e-01,-6.699999999999979305e-01,-6.999999999999961808e-01,-1.000000000000000000e+00,-3.599999999999994316e-01,9.000000000000016875e-01,2.200000000000037481e-01,-1.000000000000000000e+00,-4.199999999999994849e-01,-7.499999999999988898e-01,-2.899999999999984812e-01,-1.000000000000000000e+00,-2.699999999999975753e-01,-3.199999999999985079e-01,6.000000000000094147e-02,-3.999999999999825917e-02,-1.999999999999824141e-02,-6.599999999999979217e-01,-5.499999999999987121e-01,1.700000000000045919e-01,-1.000000000000000000e+00,-2.999999999999976019e-01,3.900000000000030109e-01,-5.999999999999827693e-02,-6.099999999999978773e-01,-8.899999999999990141e-01,-8.599999999999972111e-01
-1.000000000000000000e+00,2.000000000000028422e-01,-1.000000000000000000e+00,-1.000000000000000000e+00,4.000000000000270006e-02,-1.499999999999974687e-01,8.200000000000016165e-01,-1.000000000000000000e+00,-5.099999999999977884e-01,6.400000000000014566e-01,5.500000000000049294e-01,-7.399999999999988809e-01,-1.199999999999956657e-01,-9.799999999999973177e-01,8.700000000000016609e-01,-8.799999999999990052e-01,-6.799999999999988276e-01,-3.699999999999985523e-01,9.900000000000044320e-01,6.500000000000023537e-01,2.664535259100375697e-15,1.800000000000028244e-01,-1.000000000000000000e+00,6.700000000000032596e-01,-8.499999999999980904e-01,5.200000000000049027e-01,7.900000000000015898e-01,-1.000000000000000000e+00,1.600000000000028066e-01,-8.699999999999981082e-01,8.000000000000095923e-02,5.000000000000537348e-02,7.900000000000024780e-01,6.200000000000023270e-01,-1.199999999999983302e-01,-1.099999999999974332e-01,-1.000000000000000000e+00,-5.799999999999996270e-01,-1.000000000000000000e+00,-1.000000000000000000e+00,6.500000000000014655e-01,-7.699999999999989075e-01,5.700000000000022826e-01,-6.999999999999739764e-02,-1.000000000000000000e+00,2.500000000000011102e-01,-1.000000000000000000e+00,7.700000000000024603e-01,-7.299999999999988720e-01,7.800000000000015810e-01,-6.599999999999979217e-01,-9.999999999999742428e-02,-1.000000000000000000e+00,-5.099999999999986766e-01,-5.799999999999960743e-01,-1.000000000000000000e+00,-1.000000000000000000e+00,-2.199999999999975309e-01,-6.699999999999979305e-01,-6.999999999999961808e-01,-1.000000000000000000e+00,-3.599999999999994316e-01,9.000000000000016875e-01,-4.999999999999977796e-01,-1.000000000000000000e+00,-2.099999999999984102e-01,7.000000000000095035e-02,-2.899999999999984812e-01,-1.000000000000000000e+00,-2.699999999999984635e-01,-3.199999999999985079e-01,6.000000000000094147e-02,-8.299999999999998490e-01,-1.000000000000000000e+00,-6.599999999999979217e-01,-1.000000000000000000e+00,1.700000000000045919e-01,-5.399999999999978151e-01,-6.899999999999970601e-01,7.000000000000015099e-01,-5.999999999999827693e-02,-6.099999999999978773e-01,-1.000000000000000000e+00,-8.599999999999972111e-01
-4.699999999999995293e-01,2.000000000000028422e-01,-3.299999999999985167e-01,-8.499999999999989786e-01,-5.599999999999987210e-01,-1.999999999999975131e-01,2.300000000000019806e-01,-1.000000000000000000e+00,2.200000000000037481e-01,6.400000000000014566e-01,5.300000000000031353e-01,-2.999999999999825029e-02,-7.199999999999961986e-01,2.000000000000268230e-02,8.700000000000016609e-01,-1.599999999999974776e-01,-1.000000000000000000e+00,-1.000000000000000000e+00,4.300000000000021583e-01,-2.999999999999976019e-01,2.664535259100375697e-15,1.800000000000028244e-01,-8.699999999999989964e-01,4.300000000000039346e-01,-5.799999999999969624e-01,3.900000000000056755e-01,-6.999999999999828582e-02,-1.000000000000000000e+00,1.600000000000028066e-01,-1.000000000000000000e+00,8.000000000000095923e-02,-1.599999999999957012e-01,1.900000000000010569e-01,4.600000000000030731e-01,5.700000000000022826e-01,-1.599999999999974776e-01,-1.000000000000000000e+00,-1.000000000000000000e+00,-8.699999999999972200e-01,4.000000000000181188e-02,9.000000000000185629e-02,-7.699999999999989075e-01,5.700000000000022826e-01,5.800000000000022915e-01,-6.099999999999996536e-01,-3.199999999999985079e-01,-1.000000000000000000e+00,3.300000000000011813e-01,-5.599999999999987210e-01,9.000000000000185629e-02,-6.599999999999979217e-01,-1.000000000000000000e+00,8.800000000000025580e-01,-5.099999999999986766e-01,-4.999999999999977796e-01,-1.000000000000000000e+00,-9.699999999999990852e-01,-6.699999999999979305e-01,-5.799999999999987388e-01,-1.299999999999947864e-01,-8.599999999999980993e-01,-5.499999999999987121e-01,9.000000000000016875e-01,-4.999999999999977796e-01,-9.799999999999990941e-01,-4.199999999999994849e-01,6.300000000000023359e-01,-2.899999999999984812e-01,-2.999999999999984901e-01,4.500000000000030642e-01,-8.899999999999981259e-01,3.200000000000020606e-01,-1.000000000000000000e+00,-1.000000000000000000e+00,-9.999999999999653610e-02,-5.499999999999987121e-01,1.700000000000045919e-01,-6.199999999999987743e-01,-8.199999999999971756e-01,7.000000000000015099e-01,6.000000000000360600e-02,-6.099999999999978773e-01,-8.099999999999989431e-01,-1.000000000000000000e+00
-4.699999999999995293e-01,1.300000000000045564e-01,-3.299999999999985167e-01,-9.099999999999972555e-01,-5.599999999999987210e-01,-5.799999999999987388e-01,-1.599999999999983658e-01,-1.000000000000000000e+00,-5.099999999999977884e-01,2.600000000000020073e-01,6.300000000000041123e-01,-1.000000000000000000e+00,-1.399999999999965716e-01,-1.000000000000000000e+00,8.700000000000016609e-01,-8.799999999999990052e-01,-1.000000000000000000e+00,-1.000000000000000000e+00,6.700000000000041478e-01,4.400000000000012790e-01,-2.899999999999958167e-01,1.800000000000028244e-01,-8.699999999999989964e-01,6.700000000000032596e-01,-9.199999999999990408e-01,5.200000000000049027e-01,-6.999999999999828582e-02,-1.000000000000000000e+00,1.600000000000028066e-01,-1.000000000000000000e+00,-2.499999999999975575e-01,-1.599999999999957012e-01,1.900000000000010569e-01,6.000000000000031974e-01,5.700000000000022826e-01,-5.299999999999986944e-01,-1.000000000000000000e+00,-1.000000000000000000e+00,-8.699999999999972200e-01,4.000000000000181188e-02,6.500000000000014655e-01,-7.699999999999989075e-01,5.700000000000022826e-01,5.800000000000022915e-01,-1.000000000000000000e+00,4.000000000000021316e-01,-3.699999999999985523e-01,3.300000000000011813e-01,-7.199999999999988631e-01,7.800000000000015810e-01,-1.000000000000000000e+00,-1.000000000000000000e+00,6.400000000000014566e-01,-5.099999999999986766e-01,-1.000000000000000000e+00,-4.699999999999977529e-01,6.800000000000041567e-01,-2.199999999999975309e-01,-1.000000000000000000e+00,-6.999999999999961808e-01,-8.399999999999971934e-01,1.776356839400250465e-15,9.000000000000016875e-01,2.200000000000037481e-01,-9.699999999999990852e-01,1.776356839400250465e-15,-7.499999999999988898e-01,4.700000000000030820e-01,-9.299999999999990496e-01,-2.699999999999984635e-01,-1.000000000000000000e+00,4.600000000000021849e-01,-2.299999999999984279e-01,-4.099999999999985878e-01,-9.999999999994679811e-03,-4.999999999999382716e-02,1.700000000000045919e-01,-1.000000000000000000e+00,4.000000000000447642e-02,4.100000000000030287e-01,-1.000000000000000000e+00,-6.099999999999978773e-01,-8.899999999999990141e-01,-8.599999999999972111e-01
-7.399999999999988809e-01,1.300000000000045564e-01,-3.299999999999985167e-01,-8.499999999999989786e-01,3.300000000000029576e-01,-1.999999999999975131e-01,8.200000000000016165e-01,-1.000000000000000000e+00,-1.000000000000000000e+00,-1.000000000000000000e+00,6.300000000000041123e-01,-1.000000000000000000e+00,-1.399999999999965716e-01,-9.799999999999973177e-01,8.700000000000016609e-01,-8.799999999999990052e-01,-6.799999999999988276e-01,-1.000000000000000000e+00,8.300000000000034017e-01,-1.000000000000000000e+00,-1.000000000000000000e+00,1.800000000000028244e-01,-1.000000000000000000e+00,-6.999999999999650946e-02,-9.199999999999990408e-01,5.200000000000049027e-01,7.900000000000015898e-01,-1.000000000000000000e+00,1.600000000000028066e-01,-1.000000000000000000e+00,8.000000000000095923e-02,-1.599999999999957012e-01,1.900000000000010569e-01,6.200000000000023270e-01,5.700000000000022826e-01,-5.299999999999986944e-01,-1.000000000000000000e+00,-1.799999999999983835e-01,-8.499999999999963141e-01,4.000000000000181188e-02,6.500000000000014655e-01,-7.699999999999989075e-01,5.700000000000022826e-01,-6.999999999999739764e-02,-1.000000000000000000e+00,2.500000000000011102e-01,-1.000000000000000000e+00,3.300000000000011813e-01,-5.599999999999987210e-01,7.800000000000015810e-01,-6.599999999999979217e-01,-1.099999999999983213e-01,6.400000000000014566e-01,-5.099999999999986766e-01,-9.199999999999972644e-01,-1.000000000000000000e+00,6.800000000000041567e-01,-6.699999999999979305e-01,-1.000000000000000000e+00,-3.799999999999950084e-01,-1.000000000000000000e+00,-3.599999999999994316e-01,9.000000000000016875e-01,2.200000000000037481e-01,-1.000000000000000000e+00,-2.099999999999984102e-01,-7.499999999999988898e-01,-2.899999999999984812e-01,-2.999999999999984901e-01,-2.699999999999984635e-01,-3.199999999999985079e-01,6.000000000000094147e-02,-8.299999999999998490e-01,-9.299999999999981615e-01,-6.599999999999979217e-01,-1.000000000000000000e+00,1.700000000000045919e-01,-1.000000000000000000e+00,-8.199999999999971756e-01,4.100000000000030287e-01,-5.999999999999827693e-02,-6.099999999999978773e-01,-8.899999999999990141e-01,-8.599999999999972111e-01
-7.399999999999988809e-01,2.000000000000028422e-01,-3.299999999999985167e-01,-9.099999999999972555e-01,3.300000000000029576e-01,-5.799999999999987388e-01,-1.000000000000000000e+00,-1.000000000000000000e+00,-5.099999999999977884e-01,6.400000000000014566e-01,5.300000000000031353e-01,-1.000000000000000000e+00,-1.199999999999956657e-01,-9.799999999999973177e-01,8.700000000000016609e-01,-8.799999999999990052e-01,-1.000000000000000000e+00,-1.000000000000000000e+00,6.700000000000041478e-01,4.400000000000012790e-01,-2.899999999999958167e-01,1.000000000000036415e-01,-8.699999999999989964e-01,6.700000000000032596e-01,-8.499999999999980904e-01,3.900000000000056755e-01,7.900000000000015898e-01,-1.000000000000000000e+00,1.600000000000028066e-01,-1.000000000000000000e+00,8.000000000000095923e-02,-6.699999999999952660e-01,1.900000000000010569e-01,6.200000000000023270e-01,-9.999999999999120703e-03,-5.299999999999986944e-01,-7.299999999999988720e-01,-5.799999999999996270e-01,-1.000000000000000000e+00,-1.000000000000000000e+00,6.500000000000014655e-01,-7.699999999999989075e-01,7.100000000000032951e-01,-6.999999999999739764e-02,-1.000000000000000000e+00,2.500000000000011102e-01,-1.000000000000000000e+00,7.700000000000024603e-01,-7.199999999999988631e-01,7.800000000000015810e-01,-1.000000000000000000e+00,-1.000000000000000000e+00,7.100000000000032951e-01,-6.999999999999979572e-01,-9.199999999999972644e-01,-1.000000000000000000e+00,-2.799999999999958078e-01,-2.199999999999975309e-01,-6.699999999999979305e-01,-8.999999999999945821e-01,-8.399999999999971934e-01,-3.599999999999994316e-01,9.000000000000016875e-01,-1.000000000000000000e+00,-1.000000000000000000e+00,-4.199999999999994849e-01,7.000000000000095035e-02,4.700000000000030820e-01,-1.000000000000000000e+00,-2.699999999999984635e-01,-1.000000000000000000e+00,6.000000000000094147e-02,-2.299999999999984279e-01,-1.000000000000000000e+00,-6.599999999999979217e-01,3.800000000000030020e-01,1.700000000000045919e-01,-1.000000000000000000e+00,-1.000000000000000000e+00,4.100000000000030287e-01,-5.999999999999827693e-02,-6.099999999999978773e-01,-1.000000000000000000e+00,-8.599999999999972111e-01
-4.699999999999995293e-01,2.000000000000028422e-01,-3.299999999999985167e-01,-8.499999999999989786e-01,-5.599999999999987210e-01,-1.999999999999975131e-01,2.300000000000019806e-01,-1.000000000000000000e+00,-1.000000000000000000e+00,6.400000000000014566e-01,5.500000000000040412e-01,-2.999999999999825029e-02,-1.399999999999965716e-01,-1.000000000000000000e+00,8.700000000000016609e-01,-1.000000000000000000e+00,-1.000000000000000000e+00,-1.000000000000000000e+00,8.300000000000034017e-01,-2.999999999999976019e-01,2.100000000000055156e-01,1.800000000000028244e-01,-8.699999999999989964e-01,6.700000000000032596e-01,-9.999999999999742428e-02,5.200000000000049027e-01,1.900000000000019451e-01,-1.000000000000000000e+00,1.600000000000028066e-01,-1.000000000000000000e+00,5.900000000000023004e-01,-1.599999999999957012e-01,1.900000000000010569e-01,4.600000000000030731e-01,-9.999999999999120703e-03,-5.299999999999986944e-01,-1.000000000000000000e+00,-1.000000000000000000e+00,-8.699999999999972200e-01,4.000000000000181188e-02,9.000000000000185629e-02,-7.699999999999989075e-01,6.800000000000032685e-01,5.800000000000022915e-01,-1.000000000000000000e+00,2.500000000000011102e-01,2.600000000000028955e-01,1.900000000000028333e-01,-5.599999999999987210e-01,7.800000000000015810e-01,7.200000000000033040e-01,-9.999999999998232525e-03,8.800000000000025580e-01,4.400000000000030553e-01,-4.999999999999977796e-01,-7.899999999999989253e-01,6.800000000000041567e-01,-6.699999999999979305e-01,-1.000000000000000000e+00,-6.999999999999961808e-01,-1.000000000000000000e+00,-5.899999999999987477e-01,9.000000000000016875e-01,-4.999999999999977796e-01,-1.000000000000000000e+00,-4.199999999999994849e-01,-7.499999999999988898e-01,-1.499999999999974687e-01,-1.000000000000000000e+00,-2.699999999999984635e-01,-3.099999999999976108e-01,6.000000000000094147e-02,-3.999999999999825917e-02,-1.000000000000000000e+00,-9.999999999999653610e-02,-5.499999999999987121e-01,2.300000000000055334e-01,-5.399999999999978151e-01,-1.000000000000000000e+00,7.000000000000015099e-01,4.700000000000039702e-01,-6.099999999999978773e-01,-8.899999999999990141e-01,-8.599999999999972111e-01
-4.699999999999995293e-01,-5.799999999999969624e-01,-1.599999999999974776e-01,-9.099999999999972555e-01,-5.599999999999987210e-01,-1.599999999999965894e-01,8.200000000000016165e-01,-3.399999999999985256e-01,4.440892098500626162e-15,-1.000000000000000000e+00,5.300000000000031353e-01,-1.000000000000000000e+00,-7.199999999999961986e-01,2.000000000000268230e-02,4.600000000000030731e-01,-1.000000000000000000e+00,-1.000000000000000000e+00,-1.000000000000000000e+00,8.200000000000033928e-01,-1.000000000000000000e+00,2.664535259100375697e-15,1.200000000000045475e-01,-1.000000000000000000e+00,6.700000000000032596e-01,-9.199999999999990408e-01,3.900000000000056755e-01,-6.999999999999828582e-02,-1.000000000000000000e+00,1.600000000000028066e-01,-8.699999999999981082e-01,9.100000000000034728e-01,-1.599999999999957012e-01,1.900000000000010569e-01,-7.999999999999740652e-02,8.100000000000024958e-01,-1.599999999999974776e-01,-1.000000000000000000e+00,-1.000000000000000000e+00,-8.499999999999989786e-01,9.000000000000185629e-02,6.500000000000014655e-01,-4.499999999999986233e-01,9.600000000000026290e-01,5.800000000000022915e-01,-1.000000000000000000e+00,2.500000000000011102e-01,-1.000000000000000000e+00,-3.399999999999985256e-01,-7.199999999999988631e-01,5.100000000000022293e-01,5.800000000000058442e-01,-2.799999999999984723e-01,-1.000000000000000000e+00,-5.099999999999986766e-01,-4.999999999999977796e-01,-1.000000000000000000e+00,-9.699999999999990852e-01,-2.199999999999975309e-01,-9.299999999999981615e-01,-1.299999999999947864e-01,-1.000000000000000000e+00,-5.499999999999987121e-01,9.000000000000016875e-01,-1.000000000000000000e+00,-9.799999999999990941e-01,-4.199999999999994849e-01,-7.499999999999988898e-01,-2.899999999999984812e-01,-2.999999999999984901e-01,-2.499999999999975575e-01,-9.999999999997344347e-03,3.200000000000020606e-01,-4.899999999999986589e-01,-1.000000000000000000e+00,-6.599999999999979217e-01,-1.999999999999824141e-02,2.300000000000055334e-01,-5.399999999999978151e-01,-3.499999999999958700e-01,-1.299999999999983391e-01,-3.399999999999976374e-01,-6.099999999999978773e-01,-8.899999999999990141e-01,-8.599999999999972111e-01
-1.000000000000000000e+00,-5.799999999999969624e-01,-2.899999999999975930e-01,-5.499999999999978240e-01,-5.599999999999987210e-01,-1.999999999999975131e-01,-1.599999999999983658e-01,-1.000000000000000000e+00,-5.099999999999977884e-01,-1.000000000000000000e+00,5.300000000000031353e-01,-1.000000000000000000e+00,-1.399999999999965716e-01,-1.000000000000000000e+00,-7.999999999999829470e-02,-1.000000000000000000e+00,-9.699999999999981970e-01,-1.000000000000000000e+00,-1.000000000000000000e+00,-1.000000000000000000e+00,2.664535259100375697e-15,1.800000000000028244e-01,-8.699999999999989964e-01,6.700000000000032596e-01,-1.000000000000000000e+00,5.200000000000049027e-01,1.900000000000019451e-01,-1.000000000000000000e+00,1.600000000000028066e-01,-1.000000000000000000e+00,-8.999999999999990230e-01,-1.599999999999957012e-01,1.900000000000010569e-01,5.300000000000040234e-01,-6.999999999999828582e-02,-5.299999999999986944e-01,-1.000000000000000000e+00,-1.000000000000000000e+00,-8.899999999999990141e-01,4.000000000000181188e-02,9.000000000000185629e-02,-7.699999999999989075e-01,7.500000000000033307e-01,5.800000000000022915e-01,-1.000000000000000000e+00,-5.299999999999986944e-01,-1.000000000000000000e+00,1.000000000000018652e-01,-1.000000000000000000e+00,7.800000000000015810e-01,-1.000000000000000000e+00,-1.000000000000000000e+00,6.400000000000014566e-01,-5.099999999999986766e-01,-4.999999999999977796e-01,-7.899999999999989253e-01,6.800000000000041567e-01,-2.199999999999975309e-01,-7.699999999999989075e-01,-1.299999999999947864e-01,-1.000000000000000000e+00,-3.599999999999994316e-01,9.000000000000016875e-01,-4.999999999999977796e-01,-1.000000000000000000e+00,-4.199999999999994849e-01,-7.499999999999988898e-01,-2.899999999999984812e-01,-1.000000000000000000e+00,-2.699999999999984635e-01,-2.999999999999825029e-02,3.200000000000020606e-01,-1.000000000000000000e+00,-1.000000000000000000e+00,-6.599999999999979217e-01,-5.499999999999987121e-01,1.800000000000054889e-01,-1.000000000000000000e+00,-5.199999999999977973e-01,3.900000000000030109e-01,-5.999999999999827693e-02,-6.099999999999978773e-01,-1.000000000000000000e+00,-8.599999999999972111e-01
-4.699999999999995293e-01,2.000000000000028422e-01,-3.299999999999985167e-01,-9.099999999999972555e-01,-7.099999999999979661e-01,-1.599999999999965894e-01,8.200000000000016165e-01,-1.000000000000000000e+00,-5.099999999999977884e-01,-1.000000000000000000e+00,5.300000000000031353e-01,-1.000000000000000000e+00,-1.399999999999965716e-01,-2.199999999999984190e-01,4.600000000000030731e-01,-8.799999999999990052e-01,-1.000000000000000000e+00,-1.000000000000000000e+00,8.200000000000033928e-01,-1.000000000000000000e+00,2.664535259100375697e-15,1.800000000000028244e-01,-1.000000000000000000e+00,6.700000000000032596e-01,-9.499999999999981792e-01,3.900000000000056755e-01,-1.899999999999975042e-01,-1.000000000000000000e+00,1.600000000000028066e-01,-8.699999999999981082e-01,5.900000000000023004e-01,-1.599999999999957012e-01,3.000000000000029310e-01,6.200000000000023270e-01,8.100000000000024958e-01,-5.299999999999986944e-01,-1.000000000000000000e+00,-1.799999999999983835e-01,-8.699999999999972200e-01,4.000000000000181188e-02,6.500000000000014655e-01,-7.699999999999989075e-01,6.800000000000032685e-01,5.800000000000022915e-01,-1.000000000000000000e+00,2.500000000000011102e-01,-1.000000000000000000e+00,3.300000000000011813e-01,-5.599999999999987210e-01,7.800000000000015810e-01,5.800000000000058442e-01,-1.000000000000000000e+00,6.400000000000014566e-01,-5.099999999999986766e-01,-4.999999999999977796e-01,-1.000000000000000000e+00,6.800000000000041567e-01,-2.499999999999966693e-01,-1.000000000000000000e+00,-6.999999999999961808e-01,-3.399999999999985256e-01,-8.799999999999981171e-01,9.600000000000026290e-01,2.200000000000037481e-01,-1.000000000000000000e+00,-4.199999999999994849e-01,7.000000000000095035e-02,6.000000000000031974e-01,-2.999999999999984901e-01,-2.499999999999975575e-01,-6.599999999999996980e-01,2.100000000000019629e-01,-3.999999999999825917e-02,-4.099999999999985878e-01,-9.999999999994679811e-03,-5.499999999999987121e-01,1.700000000000045919e-01,-5.399999999999978151e-01,-3.499999999999958700e-01,4.100000000000030287e-01,3.100000000000029399e-01,-6.099999999999978773e-01,-8.899999999999990141e-01,-8.599999999999972111e-01
-4.999999999999986677e-01,-5.799999999999969624e-01,-3.299999999999985167e-01,-8.499999999999989786e-01,-5.699999999999978417e-01,-1.999999999999975131e-01,-1.599999999999983658e-01,-1.000000000000000000e+00,-1.000000000000000000e+00,3.900000000000021227e-01,5.300000000000031353e-01,-1.000000000000000000e+00,-1.399999999999965716e-01,-7.499999999999988898e-01,8.700000000000016609e-01,-1.000000000000000000e+00,-1.599999999999983658e-01,-1.000000000000000000e+00,8.300000000000034017e-01,-1.000000000000000000e+00,3.600000000000056488e-01,1.800000000000028244e-01,-1.000000000000000000e+00,4.300000000000039346e-01,-9.999999999999742428e-02,5.200000000000049027e-01,-6.999999999999828582e-02,-1.000000000000000000e+00,6.900000000000023892e-01,-1.000000000000000000e+00,5.900000000000023004e-01,4.000000000000056843e-01,1.900000000000010569e-01,4.600000000000030731e-01,8.000000000000184741e-02,-5.299999999999986944e-01,-1.000000000000000000e+00,-1.000000000000000000e+00,-1.000000000000000000e+00,4.000000000000181188e-02,6.500000000000014655e-01,-7.699999999999989075e-01,5.700000000000022826e-01,5.800000000000022915e-01,-1.000000000000000000e+00,2.500000000000011102e-01,2.600000000000028955e-01,3.300000000000011813e-01,-5.599999999999987210e-01,7.500000000000024425e-01,2.800000000000038014e-01,-1.000000000000000000e+00,8.800000000000025580e-01,-5.099999999999986766e-01,-4.999999999999977796e-01,-7.899999999999989253e-01,6.800000000000041567e-01,-6.699999999999979305e-01,-1.000000000000000000e+00,-6.999999999999961808e-01,-8.599999999999980993e-01,-3.599999999999994316e-01,9.000000000000016875e-01,2.200000000000037481e-01,-1.000000000000000000e+00,-4.199999999999994849e-01,-7.499999999999988898e-01,4.700000000000030820e-01,-2.999999999999984901e-01,-2.699999999999984635e-01,-6.599999999999996980e-01,3.200000000000020606e-01,-3.999999999999825917e-02,-1.000000000000000000e+00,-3.399999999999958611e-01,-1.000000000000000000e+00,2.300000000000055334e-01,-5.399999999999978151e-01,2.000000000000445866e-02,7.000000000000015099e-01,-5.999999999999827693e-02,-6.099999999999978773e-01,-8.899999999999990141e-01,-8.599999999999972111e-01
-1.000000000000000000e+00,1.300000000000045564e-01,-1.000000000000000000e+00,-9.199999999999990408e-01,4.000000000000270006e-02,-1.499999999999974687e-01,-1.599999999999983658e-01,-1.000000000000000000e+00,-1.000000000000000000e+00,9.600000000000035172e-01,6.300000000000041123e-01,-7.399999999999988809e-01,-1.199999999999956657e-01,-9.799999999999973177e-01,8.700000000000016609e-01,-8.799999999999990052e-01,-1.000000000000000000e+00,-1.000000000000000000e+00,9.900000000000044320e-01,2.500000000000037748e-01,2.664535259100375697e-15,1.800000000000028244e-01,-1.000000000000000000e+00,6.700000000000032596e-01,-8.499999999999980904e-01,5.200000000000049027e-01,-6.999999999999828582e-02,-1.000000000000000000e+00,1.600000000000028066e-01,-1.000000000000000000e+00,8.500000000000034195e-01,5.000000000000537348e-02,-3.499999999999985345e-01,4.600000000000030731e-01,-6.799999999999988276e-01,-5.299999999999986944e-01,-1.000000000000000000e+00,-5.799999999999996270e-01,-1.000000000000000000e+00,4.000000000000181188e-02,6.500000000000014655e-01,-2.599999999999975664e-01,5.700000000000022826e-01,5.800000000000022915e-01,-1.000000000000000000e+00,2.500000000000011102e-01,-1.000000000000000000e+00,3.300000000000011813e-01,1.600000000000028066e-01,7.800000000000015810e-01,-6.599999999999979217e-01,-9.999999999999742428e-02,8.800000000000025580e-01,-5.099999999999986766e-01,-4.999999999999977796e-01,-7.899999999999989253e-01,6.800000000000041567e-01,-2.199999999999975309e-01,-1.000000000000000000e+00,-6.999999999999961808e-01,-8.599999999999980993e-01,-3.599999999999994316e-01,9.000000000000016875e-01,2.200000000000037481e-01,-1.000000000000000000e+00,-4.199999999999994849e-01,-7.499999999999988898e-01,-2.899999999999984812e-01,-2.999999999999984901e-01,-2.699999999999984635e-01,-6.599999999999996980e-01,3.200000000000020606e-01,-8.299999999999998490e-01,-4.099999999999985878e-01,-6.599999999999979217e-01,-5.499999999999987121e-01,1.700000000000045919e-01,-1.599999999999965894e-01,-6.899999999999970601e-01,7.000000000000015099e-01,-5.999999999999827693e-02,-2.199999999999957545e-01,-8.899999999999990141e-01,-8.599999999999972111e-01
-1.000000000000000000e+00,1.300000000000045564e-01,-3.299999999999985167e-01,-9.199999999999990408e-01,4.000000000000270006e-02,-1.000000000000000000e+00,-9.999999999998232525e-03,-1.000000000000000000e+00,-1.000000000000000000e+00,3.900000000000021227e-01,6.300000000000041123e-01,-1.000000000000000000e+00,-1.399999999999965716e-01,-1.000000000000000000e+00,8.700000000000016609e-01,-9.499999999999981792e-01,-1.000000000000000000e+00,-3.699999999999985523e-01,8.300000000000034017e-01,-1.000000000000000000e+00,2.664535259100375697e-15,1.800000000000028244e-01,-1.000000000000000000e+00,6.700000000000032596e-01,-9.199999999999990408e-01,8.100000000000060485e-01,-6.999999999999828582e-02,-1.000000000000000000e+00,2.400000000000037659e-01,-8.699999999999981082e-01,6.600000000000023626e-01,5.000000000000537348e-02,1.900000000000010569e-01,4.600000000000039613e-01,5.700000000000022826e-01,-5.299999999999986944e-01,-1.000000000000000000e+00,-1.000000000000000000e+00,-8.699999999999972200e-01,4.000000000000181188e-02,6.500000000000014655e-01,-2.599999999999975664e-01,6.800000000000032685e-01,5.800000000000022915e-01,-1.000000000000000000e+00,2.500000000000011102e-01,-1.000000000000000000e+00,3.300000000000011813e-01,1.000000000000267342e-02,7.800000000000015810e-01,-6.599999999999979217e-01,-1.000000000000000000e+00,-1.000000000000000000e+00,-5.099999999999986766e-01,-4.999999999999977796e-01,-1.000000000000000000e+00,-1.000000000000000000e+00,-6.699999999999979305e-01,-1.000000000000000000e+00,-6.999999999999961808e-01,-8.599999999999980993e-01,-3.599999999999994316e-01,9.000000000000016875e-01,-4.999999999999977796e-01,-7.899999999999989253e-01,-4.199999999999994849e-01,-7.499999999999988898e-01,-5.399999999999978151e-01,-2.999999999999984901e-01,-2.699999999999984635e-01,-6.599999999999996980e-01,6.000000000000094147e-02,-3.999999999999825917e-02,-1.000000000000000000e+00,-9.999999999994679811e-03,-5.499999999999987121e-01,1.700000000000045919e-01,-5.399999999999978151e-01,-8.199999999999971756e-01,4.100000000000030287e-01,-5.999999999999827693e-02,-6.199999999999969980e-01,-8.899999999999990141e-01,-8.599999999999972111e-01
-1.000000000000000000e+00,2.000000000000028422e-01,-1.000000000000000000e+00,-1.000000000000000000e+00,4.000000000000270006e-02,-1.499999999999974687e-01,-9.999999999998232525e-03,-1.000000000000000000e+00,-5.099999999999977884e-01,3.900000000000021227e-01,5.500000000000049294e-01,-7.399999999999988809e-01,-1.199999999999956657e-01,-9.799999999999973177e-01,8.700000000000016609e-01,-8.799999999999990052e-01,-1.000000000000000000e+00,-3.699999999999985523e-01,4.300000000000021583e-01,2.500000000000037748e-01,-5.999999999999969802e-01,1.800000000000028244e-01,-1.000000000000000000e+00,6.700000000000032596e-01,-1.000000000000000000e+00,5.200000000000049027e-01,7.900000000000015898e-01,-1.000000000000000000e+00,1.600000000000028066e-01,-1.000000000000000000e+00,8.000000000000095923e-02,5.000000000000537348e-02,1.900000000000010569e-01,6.200000000000023270e-01,-9.999999999999120703e-03,-5.299999999999986944e-01,-1.000000000000000000e+00,-5.799999999999996270e-01,-1.000000000000000000e+00,-1.499999999999983569e-01,6.500000000000014655e-01,-2.599999999999975664e-01,5.700000000000022826e-01,-6.999999999999739764e-02,-1.000000000000000000e+00,2.500000000000011102e-01,-1.000000000000000000e+00,7.700000000000024603e-01,-7.199999999999988631e-01,7.800000000000015810e-01,-6.599999999999979217e-01,-9.999999999999742428e-02,8.800000000000025580e-01,-5.099999999999986766e-01,-4.999999999999977796e-01,-1.000000000000000000e+00,6.800000000000041567e-01,-2.199999999999975309e-01,-5.799999999999987388e-01,-6.999999999999961808e-01,-1.000000000000000000e+00,-3.599999999999994316e-01,9.000000000000016875e-01,-4.999999999999977796e-01,-1.000000000000000000e+00,-4.199999999999994849e-01,-7.499999999999988898e-01,-2.899999999999984812e-01,-1.000000000000000000e+00,-2.699999999999984635e-01,-3.199999999999985079e-01,6.000000000000094147e-02,-8.299999999999998490e-01,-1.000000000000000000e+00,-6.599999999999979217e-01,-1.000000000000000000e+00,1.700000000000045919e-01,-5.399999999999978151e-01,-2.999999999999976019e-01,7.000000000000015099e-01,-5.999999999999827693e-02,-6.099999999999978773e-01,-1.000000000000000000e+00,-1.000000000000000000e+00
-7.399999999999988809e-01,2.000000000000028422e-01,-3.299999999999985167e-01,-8.499999999999989786e-01,3.300000000000029576e-01,-4.299999999999968292e-01,8.200000000000016165e-01,-8.199999999999989519e-01,4.440892098500626162e-15,4.800000000000022027e-01,5.500000000000049294e-01,-1.000000000000000000e+00,-7.199999999999961986e-01,-8.099999999999971667e-01,-1.000000000000000000e+00,-8.799999999999990052e-01,-6.799999999999988276e-01,-1.000000000000000000e+00,8.300000000000034017e-01,4.400000000000012790e-01,2.664535259100375697e-15,1.200000000000045475e-01,-1.000000000000000000e+00,6.700000000000032596e-01,-9.199999999999990408e-01,5.200000000000049027e-01,7.900000000000015898e-01,-1.000000000000000000e+00,1.600000000000028066e-01,-8.699999999999981082e-01,-6.499999999999988010e-01,-1.000000000000000000e+00,1.900000000000010569e-01,-7.999999999999740652e-02,7.500000000000024425e-01,-1.599999999999974776e-01,-1.000000000000000000e+00,-5.799999999999996270e-01,-1.000000000000000000e+00,4.000000000000181188e-02,6.500000000000014655e-01,-7.699999999999989075e-01,5.700000000000022826e-01,-6.999999999999739764e-02,-6.099999999999996536e-01,2.500000000000011102e-01,-1.000000000000000000e+00,1.000000000000018652e-01,-7.199999999999988631e-01,9.000000000000185629e-02,-6.599999999999979217e-01,-1.000000000000000000e+00,-4.999999999999737987e-02,-5.099999999999986766e-01,-4.999999999999977796e-01,-1.000000000000000000e+00,-9.699999999999990852e-01,-2.199999999999975309e-01,-6.699999999999979305e-01,-6.999999999999961808e-01,-1.000000000000000000e+00,-3.599999999999994316e-01,9.000000000000016875e-01,-4.999999999999977796e-01,-1.000000000000000000e+00,-2.099999999999984102e-01,-7.499999999999988898e-01,-2.899999999999984812e-01,-1.000000000000000000e+00,-2.699999999999984635e-01,-3.199999999999985079e-01,3.200000000000020606e-01,-8.299999999999998490e-01,-5.999999999999650058e-02,-6.599999999999979217e-01,-5.499999999999987121e-01,1.700000000000045919e-01,-6.199999999999987743e-01,5.329070518200751394e-15,7.000000000000015099e-01,-5.999999999999827693e-02,-6.099999999999978773e-01,-8.899999999999990141e-01,-8.599999999999972111e-01
-4.699999999999995293e-01,2.000000000000028422e-01,-3.299999999999985167e-01,-1.000000000000000000e+00,3.300000000000029576e-01,-1.999999999999975131e-01,8.200000000000016165e-01,-1.000000000000000000e+00,-5.099999999999977884e-01,-1.000000000000000000e+00,5.300000000000031353e-01,-1.000000000000000000e+00,-1.199999999999956657e-01,-1.399999999999974598e-01,8.700000000000016609e-01,-8.799999999999990052e-01,-1.000000000000000000e+00,-1.000000000000000000e+00,4.300000000000021583e-01,4.400000000000012790e-01,6.500000000000041300e-01,1.800000000000028244e-01,-1.000000000000000000e+00,5.700000000000040590e-01,-9.199999999999990408e-01,3.900000000000056755e-01,7.900000000000015898e-01,-1.000000000000000000e+00,1.600000000000028066e-01,-8.699999999999981082e-01,7.600000000000033396e-01,-7.999999999999563016e-02,1.900000000000010569e-01,6.200000000000023270e-01,-9.999999999999120703e-03,-5.299999999999986944e-01,-1.000000000000000000e+00,-1.000000000000000000e+00,-8.499999999999989786e-01,-1.000000000000000000e+00,6.500000000000014655e-01,-7.699999999999989075e-01,5.700000000000022826e-01,5.800000000000022915e-01,-1.000000000000000000e+00,2.500000000000011102e-01,-1.000000000000000000e+00,7.700000000000024603e-01,-7.199999999999988631e-01,7.800000000000015810e-01,5.800000000000058442e-01,-1.000000000000000000e+00,8.800000000000025580e-01,-5.099999999999986766e-01,-1.000000000000000000e+00,-1.000000000000000000e+00,6.800000000000041567e-01,-2.199999999999975309e-01,-6.699999999999979305e-01,-6.999999999999961808e-01,-7.799999999999980282e-01,-3.599999999999994316e-01,9.000000000000016875e-01,-4.999999999999977796e-01,-1.000000000000000000e+00,7.300000000000033129e-01,7.000000000000095035e-02,-1.000000000000000000e+00,-1.000000000000000000e+00,-2.699999999999984635e-01,-3.199999999999985079e-01,2.100000000000019629e-01,-8.299999999999998490e-01,-1.000000000000000000e+00,-6.599999999999979217e-01,-5.499999999999987121e-01,1.700000000000045919e-01,-1.000000000000000000e+00,-2.999999999999976019e-01,7.000000000000015099e-01,-5.999999999999827693e-02,-6.099999999999978773e-01,-1.000000000000000000e+00,4.500000000000039524e-01
-4.699999999999995293e-01,1.300000000000045564e-01,-3.299999999999985167e-01,-1.000000000000000000e+00,-1.999999999999735323e-02,-1.999999999999975131e-01,8.200000000000016165e-01,-1.000000000000000000e+00,-5.099999999999977884e-01,6.400000000000014566e-01,6.300000000000041123e-01,-1.000000000000000000e+00,-1.199999999999956657e-01,-1.000000000000000000e+00,8.700000000000016609e-01,-8.799999999999990052e-01,-6.799999999999988276e-01,-1.000000000000000000e+00,4.300000000000021583e-01,-1.000000000000000000e+00,2.664535259100375697e-15,1.800000000000028244e-01,-1.000000000000000000e+00,6.700000000000032596e-01,-9.199999999999990408e-01,5.200000000000049027e-01,-6.999999999999828582e-02,-1.000000000000000000e+00,1.600000000000028066e-01,-1.000000000000000000e+00,8.000000000000184741e-02,-7.999999999999563016e-02,1.900000000000010569e-01,6.200000000000023270e-01,5.700000000000022826e-01,-5.299999999999986944e-01,-1.000000000000000000e+00,-1.799999999999983835e-01,-1.000000000000000000e+00,4.000000000000181188e-02,3.000000000000020428e-01,-7.699999999999989075e-01,6.800000000000032685e-01,-1.000000000000000000e+00,-1.000000000000000000e+00,2.500000000000011102e-01,-1.000000000000000000e+00,3.300000000000011813e-01,-7.199999999999988631e-01,7.800000000000015810e-01,-6.599999999999979217e-01,-1.000000000000000000e+00,8.800000000000025580e-01,-5.099999999999986766e-01,-4.999999999999977796e-01,-7.899999999999989253e-01,-1.999999999999824141e-02,-2.199999999999975309e-01,-1.000000000000000000e+00,-6.999999999999961808e-01,-1.000000000000000000e+00,-3.599999999999994316e-01,2.100000000000019629e-01,9.100000000000052491e-01,-1.000000000000000000e+00,-2.099999999999984102e-01,-8.599999999999989875e-01,-2.899999999999984812e-01,-1.000000000000000000e+00,-2.699999999999984635e-01,-5.999999999999738876e-02,-5.199999999999977973e-01,-8.299999999999998490e-01,-9.299999999999981615e-01,-6.599999999999979217e-01,-5.499999999999987121e-01,1.700000000000045919e-01,-7.599999999999962341e-01,-8.199999999999971756e-01,7.000000000000015099e-01,1.300000000000027800e-01,-6.099999999999978773e-01,-8.899999999999990141e-01,-8.599999999999972111e-01
-1.000000000000000000e+00,2.000000000000028422e-01,-1.000000000000000000e+00,-8.499999999999989786e-01,-1.000000000000000000e+00,2.900000000000038103e-01,8.200000000000016165e-01,-3.399999999999985256e-01,-3.999999999999950262e-01,-3.999999999999825917e-02,5.300000000000031353e-01,-7.399999999999988809e-01,-7.199999999999961986e-01,-9.799999999999973177e-01,8.700000000000016609e-01,-1.000000000000000000e+00,-1.599999999999983658e-01,-1.000000000000000000e+00,8.300000000000034017e-01,-1.000000000000000000e+00,2.664535259100375697e-15,1.800000000000028244e-01,-1.000000000000000000e+00,6.700000000000032596e-01,-1.000000000000000000e+00,3.900000000000056755e-01,7.900000000000015898e-01,-1.000000000000000000e+00,1.600000000000028066e-01,-8.699999999999981082e-01,8.000000000000095923e-02,5.000000000000537348e-02,1.900000000000010569e-01,-7.999999999999740652e-02,-6.799999999999988276e-01,-1.599999999999974776e-01,-6.199999999999987743e-01,-5.799999999999996270e-01,-1.000000000000000000e+00,4.000000000000181188e-02,6.500000000000014655e-01,-7.699999999999989075e-01,6.800000000000032685e-01,9.500000000000035083e-01,-6.099999999999996536e-01,2.500000000000011102e-01,-1.000000000000000000e+00,3.300000000000011813e-01,-7.199999999999988631e-01,9.700000000000035261e-01,1.500000000000036859e-01,-2.799999999999984723e-01,8.800000000000025580e-01,-5.099999999999986766e-01,-4.999999999999977796e-01,-1.000000000000000000e+00,-1.000000000000000000e+00,-2.199999999999975309e-01,-1.000000000000000000e+00,-1.299999999999947864e-01,-8.599999999999980993e-01,-5.499999999999987121e-01,-1.000000000000000000e+00,-7.999999999999651834e-02,-1.000000000000000000e+00,-4.199999999999994849e-01,-7.499999999999988898e-01,-2.899999999999984812e-01,-2.999999999999984901e-01,-2.699999999999984635e-01,-5.199999999999986855e-01,3.200000000000020606e-01,-8.299999999999998490e-01,-1.000000000000000000e+00,-6.599999999999979217e-01,-5.499999999999987121e-01,2.300000000000055334e-01,-5.399999999999978151e-01,-6.899999999999970601e-01,-1.299999999999983391e-01,-5.999999999999827693e-02,-6.199999999999969980e-01,-1.000000000000000000e+00,-1.599999999999965894e-01
-7.399999999999988809e-01,1.300000000000045564e-01,-3.299999999999985167e-01,-8.499999999999989786e-01,-5.599999999999987210e-01,-1.999999999999975131e-01,-1.599999999999983658e-01,-8.199999999999989519e-01,-1.000000000000000000e+00,-1.000000000000000000e+00,5.300000000000031353e-01,-1.000000000000000000e+00,-1.399999999999965716e-01,-2.199999999999984190e-01,8.700000000000016609e-01,-8.799999999999990052e-01,-1.000000000000000000e+00,-1.000000000000000000e+00,8.300000000000034017e-01,-6.599999999999961453e-01,-1.000000000000000000e+00,1.800000000000028244e-01,-1.000000000000000000e+00,6.700000000000032596e-01,-9.199999999999990408e-01,8.100000000000060485e-01,-6.999999999999828582e-02,-1.000000000000000000e+00,6.900000000000023892e-01,-8.699999999999981082e-01,-8.999999999999990230e-01,-1.599999999999957012e-01,9.000000000000025757e-01,-1.899999999999966160e-01,5.700000000000022826e-01,1.000000000000267342e-02,-1.000000000000000000e+00,-1.000000000000000000e+00,-1.000000000000000000e+00,-8.699999999999989964e-01,6.500000000000014655e-01,1.500000000000027978e-01,6.800000000000032685e-01,5.800000000000022915e-01,-1.000000000000000000e+00,2.500000000000011102e-01,-1.000000000000000000e+00,3.300000000000011813e-01,-1.000000000000000000e+00,8.100000000000024958e-01,-6.599999999999979217e-01,-1.000000000000000000e+00,-1.000000000000000000e+00,-5.099999999999986766e-01,-4.999999999999977796e-01,-7.899999999999989253e-01,-1.000000000000000000e+00,-6.699999999999979305e-01,-1.000000000000000000e+00,-6.999999999999961808e-01,-8.599999999999980993e-01,1.776356839400250465e-15,9.000000000000016875e-01,-4.999999999999977796e-01,-1.000000000000000000e+00,-4.199999999999994849e-01,-7.499999999999988898e-01,-2.899999999999984812e-01,-2.999999999999984901e-01,-2.699999999999984635e-01,-1.000000000000000000e+00,3.200000000000020606e-01,-9.299999999999990496e-01,-3.899999999999985700e-01,-6.599999999999979217e-01,-7.999999999999980460e-01,1.700000000000045919e-01,-5.399999999999978151e-01,-2.999999999999976019e-01,2.800000000000038014e-01,-5.999999999999827693e-02,-6.099999999999978773e-01,-8.899999999999990141e-01,4.500000000000039524e-01
-1.000000000000000000e+00,2.000000000000028422e-01,-3.299999999999985167e-01,-9.099999999999972555e-01,-5.599999999999987210e-01,-1.599999999999965894e-01,8.200000000000016165e-01,-1.000000000000000000e+00,4.440892098500626162e-15,-1.000000000000000000e+00,5.300000000000031353e-01,-1.000000000000000000e+00,-1.399999999999965716e-01,2.000000000000268230e-02,8.700000000000016609e-01,-8.799999999999990052e-01,-1.000000000000000000e+00,-1.000000000000000000e+00,8.300000000000034017e-01,4.400000000000012790e-01,2.664535259100375697e-15,1.800000000000028244e-01,-1.000000000000000000e+00,6.700000000000032596e-01,-1.000000000000000000e+00,3.900000000000056755e-01,-6.999999999999828582e-02,-1.000000000000000000e+00,1.600000000000028066e-01,-8.699999999999981082e-01,9.100000000000034728e-01,-1.599999999999957012e-01,9.000000000000025757e-01,-7.999999999999740652e-02,8.100000000000024958e-01,-5.299999999999986944e-01,-1.000000000000000000e+00,-1.000000000000000000e+00,-8.699999999999972200e-01,4.000000000000181188e-02,6.500000000000014655e-01,-7.499999999999980016e-01,6.800000000000032685e-01,5.800000000000022915e-01,-1.000000000000000000e+00,2.500000000000011102e-01,-1.000000000000000000e+00,3.300000000000011813e-01,-1.000000000000000000e+00,7.800000000000015810e-01,-6.599999999999979217e-01,-1.000000000000000000e+00,-1.000000000000000000e+00,-3.399999999999976374e-01,-4.999999999999977796e-01,-9.699999999999990852e-01,6.800000000000041567e-01,-2.499999999999966693e-01,-9.299999999999981615e-01,-1.299999999999947864e-01,-3.399999999999985256e-01,-3.599999999999994316e-01,9.000000000000016875e-01,-4.999999999999977796e-01,-9.799999999999990941e-01,-1.799999999999983835e-01,7.000000000000095035e-02,-2.899999999999984812e-01,-1.000000000000000000e+00,-2.699999999999984635e-01,-1.000000000000000000e+00,3.200000000000020606e-01,-9.299999999999990496e-01,-1.000000000000000000e+00,-6.599999999999979217e-01,-5.499999999999987121e-01,1.700000000000045919e-01,-6.199999999999987743e-01,-3.499999999999958700e-01,7.000000000000015099e-01,-5.999999999999827693e-02,-6.099999999999978773e-01,-8.899999999999990141e-01,4.500000000000039524e-01
-4.699999999999995293e-01,-9.499999999999964029e-01,-3.299999999999985167e-01,-8.499999999999989786e-01,-5.599999999999987210e-01,-1.999999999999975131e-01,8.200000000000016165e-01,-3.399999999999985256e-01,-5.099999999999977884e-01,6.400000000000014566e-01,5.500000000000040412e-01,-1.099999999999974332e-01,-7.199999999999961986e-01,2.000000000000268230e-02,-7.999999999999829470e-02,-1.000000000000000000e+00,-9.699999999999981970e-01,-1.000000000000000000e+00,8.300000000000034017e-01,4.400000000000012790e-01,2.664535259100375697e-15,1.200000000000045475e-01,-1.000000000000000000e+00,6.700000000000032596e-01,-1.000000000000000000e+00,5.200000000000049027e-01,-6.999999999999828582e-02,-6.999999999999988454e-01,1.600000000000028066e-01,-8.699999999999981082e-01,9.100000000000034728e-01,-1.599999999999957012e-01,1.900000000000010569e-01,-7.999999999999740652e-02,-1.000000000000000000e+00,-1.599999999999974776e-01,-1.000000000000000000e+00,-5.799999999999996270e-01,-8.899999999999990141e-01,6.300000000000032241e-01,9.000000000000185629e-02,-7.699999999999989075e-01,6.800000000000032685e-01,5.800000000000022915e-01,-7.599999999999988987e-01,2.500000000000011102e-01,-1.000000000000000000e+00,3.300000000000011813e-01,-7.199999999999988631e-01,9.000000000000185629e-02,-1.000000000000000000e+00,-1.000000000000000000e+00,8.800000000000025580e-01,-5.099999999999986766e-01,-4.999999999999977796e-01,-1.000000000000000000e+00,6.800000000000041567e-01,-4.199999999999968203e-01,-7.699999999999989075e-01,-1.299999999999947864e-01,-1.000000000000000000e+00,-5.499999999999987121e-01,9.000000000000016875e-01,-4.999999999999977796e-01,-9.799999999999990941e-01,-4.199999999999994849e-01,-7.499999999999988898e-01,-2.899999999999984812e-01,-2.999999999999984901e-01,-2.699999999999984635e-01,-2.999999999999825029e-02,3.200000000000020606e-01,-1.000000000000000000e+00,-1.000000000000000000e+00,-6.599999999999979217e-01,-5.499999999999987121e-01,-2.199999999999939782e-01,-1.000000000000000000e+00,-5.199999999999977973e-01,-1.299999999999983391e-01,-3.399999999999976374e-01,-6.099999999999978773e-01,-1.000000000000000000e+00,-8.599999999999972111e-01
-4.699999999999995293e-01,2.000000000000028422e-01,-3.299999999999985167e-01,-5.499999999999978240e-01,-5.599999999999987210e-01,-1.999999999999975131e-01,2.300000000000019806e-01,-1.000000000000000000e+00,-5.099999999999977884e-01,6.400000000000014566e-01,5.500000000000040412e-01,-2.999999999999825029e-02,-7.599999999999962341e-01,-1.000000000000000000e+00,-7.999999999999829470e-02,-1.599999999999974776e-01,-1.000000000000000000e+00,-1.000000000000000000e+00,4.300000000000021583e-01,-2.999999999999976019e-01,-2.899999999999958167e-01,1.800000000000028244e-01,-8.699999999999989964e-01,6.700000000000032596e-01,-9.199999999999990408e-01,5.200000000000049027e-01,-6.999999999999828582e-02,-1.000000000000000000e+00,1.600000000000028066e-01,-1.000000000000000000e+00,-1.000000000000000000e+00,-1.599999999999957012e-01,-1.999999999999824141e-02,4.600000000000030731e-01,5.700000000000022826e-01,-5.299999999999986944e-01,-1.000000000000000000e+00,-5.799999999999996270e-01,-1.000000000000000000e+00,-2.199999999999975309e-01,9.000000000000185629e-02,-7.699999999999989075e-01,7.500000000000033307e-01,5.800000000000022915e-01,-1.000000000000000000e+00,-3.199999999999985079e-01,-3.699999999999985523e-01,4.300000000000021583e-01,-5.599999999999987210e-01,7.800000000000015810e-01,7.200000000000033040e-01,-1.000000000000000000e+00,8.800000000000025580e-01,-5.099999999999986766e-01,-1.000000000000000000e+00,-7.899999999999989253e-01,9.600000000000052935e-01,-6.699999999999979305e-01,-1.000000000000000000e+00,-1.299999999999947864e-01,-8.599999999999980993e-01,-3.599999999999994316e-01,9.000000000000016875e-01,-4.999999999999977796e-01,-5.299999999999986944e-01,-4.199999999999994849e-01,7.000000000000095035e-02,-2.899999999999984812e-01,-1.000000000000000000e+00,-2.699999999999984635e-01,-7.099999999999979661e-01,6.000000000000094147e-02,-1.000000000000000000e+00,-1.000000000000000000e+00,-9.999999999999653610e-02,1.900000000000028333e-01,1.700000000000045919e-01,-5.399999999999978151e-01,-5.199999999999977973e-01,7.000000000000015099e-01,-5.999999999999827693e-02,-6.099999999999978773e-01,-5.999999999999987566e-01,-8.599999999999972111e-01
-4.699999999999995293e-01,-1.199999999999965539e-01,-3.299999999999985167e-01,-1.000000000000000000e+00,-5.599999999999987210e-01,-1.499999999999974687e-01,-1.000000000000000000e+00,-1.000000000000000000e+00,-4.199999999999968203e-01,-1.000000000000000000e+00,5.300000000000031353e-01,-1.000000000000000000e+00,-1.699999999999965983e-01,-2.199999999999984190e-01,8.700000000000016609e-01,-8.799999999999990052e-01,-1.599999999999983658e-01,-1.000000000000000000e+00,9.900000000000044320e-01,-1.000000000000000000e+00,-2.899999999999984812e-01,1.800000000000028244e-01,-4.999999999999986677e-01,4.900000000000039879e-01,-9.199999999999990408e-01,8.100000000000060485e-01,1.900000000000019451e-01,-1.000000000000000000e+00,-1.000000000000000000e+00,-1.000000000000000000e+00,5.900000000000023004e-01,-1.599999999999957012e-01,9.000000000000025757e-01,4.600000000000030731e-01,-6.799999999999988276e-01,-5.299999999999986944e-01,-1.000000000000000000e+00,-1.000000000000000000e+00,-1.000000000000000000e+00,-8.699999999999989964e-01,6.500000000000014655e-01,-7.699999999999989075e-01,9.600000000000026290e-01,3.600000000000029843e-01,-4.199999999999985967e-01,4.000000000000181188e-02,-1.000000000000000000e+00,1.000000000000018652e-01,-1.000000000000000000e+00,8.100000000000024958e-01,-6.599999999999979217e-01,-1.000000000000000000e+00,6.400000000000014566e-01,-5.099999999999986766e-01,-4.999999999999977796e-01,-7.899999999999998135e-01,6.800000000000041567e-01,-6.699999999999979305e-01,-9.299999999999981615e-01,-6.999999999999961808e-01,-3.399999999999985256e-01,-1.000000000000000000e+00,9.000000000000016875e-01,2.200000000000037481e-01,-1.000000000000000000e+00,1.400000000000019007e-01,-7.499999999999988898e-01,-2.899999999999984812e-01,-1.000000000000000000e+00,-2.699999999999984635e-01,-5.199999999999986855e-01,3.200000000000020606e-01,-9.299999999999990496e-01,-1.000000000000000000e+00,1.100000000000036504e-01,-5.499999999999987121e-01,4.100000000000021405e-01,-5.399999999999978151e-01,-8.199999999999971756e-01,3.900000000000030109e-01,-5.999999999999827693e-02,-6.099999999999978773e-01,-8.899999999999990141e-01,4.500000000000039524e-01
-1.000000000000000000e+00,-1.199999999999965539e-01,1.700000000000028155e-01,-9.199999999999990408e-01,-5.599999999999987210e-01,-1.499999999999974687e-01,-9.999999999998232525e-03,-1.000000000000000000e+00,-4.199999999999968203e-01,3.900000000000021227e-01,5.300000000000031353e-01,-7.399999999999988809e-01,-1.699999999999965983e-01,-2.199999999999984190e-01,4.600000000000030731e-01,-8.799999999999990052e-01,-1.000000000000000000e+00,-3.699999999999985523e-01,9.900000000000044320e-01,2.500000000000037748e-01,2.664535259100375697e-15,1.800000000000028244e-01,-1.000000000000000000e+00,6.700000000000032596e-01,-9.199999999999990408e-01,8.100000000000060485e-01,7.900000000000015898e-01,-1.000000000000000000e+00,-1.000000000000000000e+00,1.000000000000036415e-01,-8.999999999999990230e-01,-1.599999999999957012e-01,9.000000000000025757e-01,9.300000000000043787e-01,-5.699999999999978417e-01,-5.299999999999986944e-01,-1.000000000000000000e+00,-5.799999999999996270e-01,-1.000000000000000000e+00,-8.699999999999989964e-01,6.500000000000014655e-01,-7.699999999999989075e-01,9.600000000000026290e-01,9.500000000000035083e-01,-1.000000000000000000e+00,5.200000000000022382e-01,-1.000000000000000000e+00,3.300000000000011813e-01,-7.299999999999988720e-01,7.800000000000015810e-01,-6.599999999999979217e-01,6.000000000000040856e-01,-1.000000000000000000e+00,-5.099999999999986766e-01,-4.999999999999977796e-01,-7.899999999999998135e-01,6.800000000000041567e-01,-2.199999999999975309e-01,-8.999999999999972466e-01,-6.999999999999961808e-01,-8.599999999999980993e-01,1.776356839400250465e-15,8.500000000000025313e-01,-4.999999999999977796e-01,-1.000000000000000000e+00,-4.199999999999994849e-01,-7.499999999999988898e-01,-2.899999999999984812e-01,-1.000000000000000000e+00,-2.699999999999984635e-01,-1.000000000000000000e+00,4.600000000000021849e-01,-8.299999999999998490e-01,-1.000000000000000000e+00,-6.599999999999979217e-01,-1.000000000000000000e+00,1.700000000000045919e-01,-5.399999999999978151e-01,-6.899999999999970601e-01,2.800000000000038014e-01,-1.899999999999975042e-01,-6.199999999999969980e-01,-8.899999999999990141e-01,-1.599999999999965894e-01
-1.000000000000000000e+00,-5.799999999999969624e-01,-3.299999999999985167e-01,-9.099999999999972555e-01,-5.599999999999987210e-01,-1.999999999999975131e-01,-1.599999999999983658e-01,-1.000000000000000000e+00,-1.000000000000000000e+00,-1.000000000000000000e+00,5.300000000000031353e-01,-1.000000000000000000e+00,-1.399999999999965716e-01,-3.999999999999559464e-02,8.700000000000016609e-01,-1.000000000000000000e+00,-1.000000000000000000e+00,-1.000000000000000000e+00,8.300000000000034017e-01,-1.000000000000000000e+00,-2.899999999999958167e-01,1.800000000000028244e-01,-1.000000000000000000e+00,6.700000000000032596e-01,-5.899999999999987477e-01,3.900000000000056755e-01,1.900000000000019451e-01,-1.000000000000000000e+00,6.900000000000023892e-01,-1.000000000000000000e+00,5.900000000000023004e-01,-1.000000000000000000e+00,1.900000000000010569e-01,-2.599999999999975664e-01,-9.999999999999120703e-03,-5.299999999999986944e-01,-1.000000000000000000e+00,-1.000000000000000000e+00,-1.000000000000000000e+00,-1.000000000000000000e+00,6.500000000000014655e-01,-9.999999999999742428e-02,5.700000000000022826e-01,5.800000000000022915e-01,-6.099999999999996536e-01,4.000000000000021316e-01,-1.000000000000000000e+00,-5.599999999999987210e-01,6.000000000000271783e-02,7.800000000000015810e-01,-1.000000000000000000e+00,-1.000000000000000000e+00,6.400000000000014566e-01,-3.699999999999976641e-01,-1.000000000000000000e+00,-7.899999999999989253e-01,6.800000000000041567e-01,-2.199999999999975309e-01,-1.000000000000000000e+00,9.000000000000540901e-02,-8.399999999999971934e-01,-1.000000000000000000e+00,9.000000000000016875e-01,2.200000000000037481e-01,-9.699999999999990852e-01,-4.199999999999994849e-01,-9.999999999999982236e-01,-2.899999999999984812e-01,-2.999999999999984901e-01,-2.699999999999984635e-01,-5.199999999999986855e-01,3.200000000000020606e-01,-2.299999999999984279e-01,-1.000000000000000000e+00,-8.099999999999953904e-01,-5.499999999999987121e-01,2.300000000000055334e-01,-3.199999999999967315e-01,-8.199999999999971756e-01,4.100000000000030287e-01,-5.999999999999827693e-02,-6.099999999999978773e-01,-5.399999999999987033e-01,-8.599999999999972111e-01
-7.399999999999988809e-01,-1.199999999999965539e-01,1.700000000000028155e-01,-8.499999999999989786e-01,-5.599999999999987210e-01,-1.499999999999974687e-01,-1.599999999999983658e-01,-3.399999999999985256e-01,4.440892098500626162e-15,-1.000000000000000000e+00,5.300000000000031353e-01,-1.000000000000000000e+00,-7.199999999999961986e-01,-2.199999999999984190e-01,8.700000000000016609e-01,-1.000000000000000000e+00,-1.599999999999983658e-01,-1.000000000000000000e+00,8.300000000000034017e-01,-1.000000000000000000e+00,2.664535259100375697e-15,1.800000000000028244e-01,-2.899999999999984812e-01,-1.000000000000000000e+00,-9.199999999999990408e-01,8.100000000000060485e-01,7.900000000000015898e-01,-1.000000000000000000e+00,1.600000000000028066e-01,-8.699999999999981082e-01,5.800000000000040679e-01,-1.000000000000000000e+00,9.000000000000025757e-01,6.200000000000023270e-01,-6.799999999999988276e-01,-1.599999999999974776e-01,-1.000000000000000000e+00,-5.799999999999996270e-01,-8.699999999999972200e-01,-8.699999999999989964e-01,6.500000000000014655e-01,-7.699999999999989075e-01,6.800000000000032685e-01,9.500000000000035083e-01,-6.099999999999996536e-01,4.000000000000181188e-02,-1.000000000000000000e+00,3.300000000000011813e-01,-7.199999999999988631e-01,8.100000000000024958e-01,-6.599999999999979217e-01,-2.799999999999984723e-01,6.400000000000014566e-01,-5.099999999999986766e-01,-4.999999999999977796e-01,-1.000000000000000000e+00,6.800000000000041567e-01,-6.699999999999979305e-01,-5.799999999999987388e-01,-6.999999999999961808e-01,-1.000000000000000000e+00,-5.499999999999987121e-01,9.000000000000016875e-01,-4.999999999999977796e-01,-9.799999999999990941e-01,-4.199999999999994849e-01,-7.499999999999988898e-01,-2.899999999999984812e-01,-1.000000000000000000e+00,6.000000000000360600e-02,-5.199999999999986855e-01,3.200000000000020606e-01,-9.299999999999990496e-01,-6.899999999999988365e-01,-6.599999999999979217e-01,-1.099999999999929923e-01,4.100000000000021405e-01,-6.199999999999987743e-01,-2.999999999999976019e-01,-1.299999999999983391e-01,-5.999999999999827693e-02,-8.399999999999971934e-01,-8.899999999999990141e-01,-8.599999999999972111e-01
-4.699999999999995293e-01,-1.199999999999965539e-01,-3.299999999999985167e-01,-8.499999999999989786e-01,-5.599999999999987210e-01,-1.999999999999975131e-01,-3.299999999999976286e-01,-1.000000000000000000e+00,-4.199999999999968203e-01,-1.000000000000000000e+00,5.500000000000040412e-01,-1.000000000000000000e+00,-1.699999999999965983e-01,-1.000000000000000000e+00,4.600000000000030731e-01,-2.999999999999736211e-02,-1.000000000000000000e+00,-1.000000000000000000e+00,9.900000000000044320e-01,-2.999999999999976019e-01,-2.899999999999984812e-01,-7.699999999999971312e-01,-4.999999999999986677e-01,4.300000000000039346e-01,-9.199999999999990408e-01,5.200000000000049027e-01,-6.999999999999828582e-02,-1.000000000000000000e+00,-1.000000000000000000e+00,-1.000000000000000000e+00,8.000000000000095923e-02,-1.599999999999957012e-01,1.900000000000010569e-01,6.200000000000023270e-01,5.700000000000022826e-01,-5.299999999999986944e-01,-1.000000000000000000e+00,-1.000000000000000000e+00,-1.000000000000000000e+00,-5.499999999999978240e-01,6.500000000000014655e-01,-7.699999999999989075e-01,9.600000000000026290e-01,5.800000000000022915e-01,-1.000000000000000000e+00,4.000000000000181188e-02,-1.000000000000000000e+00,3.300000000000011813e-01,-5.599999999999987210e-01,7.800000000000015810e-01,7.200000000000033040e-01,-1.000000000000000000e+00,8.800000000000025580e-01,-1.000000000000000000e+00,-4.999999999999977796e-01,-7.899999999999989253e-01,6.800000000000041567e-01,-6.699999999999979305e-01,-1.000000000000000000e+00,-1.000000000000000000e+00,-3.399999999999985256e-01,1.776356839400250465e-15,9.000000000000016875e-01,-4.999999999999977796e-01,-1.000000000000000000e+00,-4.199999999999994849e-01,-7.499999999999988898e-01,-2.899999999999984812e-01,-1.000000000000000000e+00,4.500000000000030642e-01,-6.599999999999996980e-01,4.600000000000021849e-01,-1.000000000000000000e+00,-1.000000000000000000e+00,-6.599999999999979217e-01,-5.499999999999987121e-01,4.100000000000021405e-01,-5.399999999999978151e-01,-8.199999999999971756e-01,7.000000000000015099e-01,3.800000000000030020e-01,-6.099999999999978773e-01,-8.899999999999990141e-01,4.500000000000039524e-01
